-1	3.44	-0.271
-1	3.031	3.117
-1	3.097	0.771
1	-0.519	-4.325
-1	-4.291	3.927
-1	-0.433	2.856
1	4.497	-2.647
-1	-0.414	1.965
-1	0.306	-0.317
-1	1.219	3.624
-1	-3.472	-2.129
-1	0.732	3.829
1	4.503	-4.981
1	3.27	-1.632
-1	4.708	1.715
-1	1.34	3.149
1	2.796	-4.277
-1	-2.382	-2.755
-1	-2.154	-1.549
-1	-2.079	-1.445
-1	-2.621	2.488
-1	2.764	3.228
1	4.841	-2.65
1	0.193	-3.5
-1	2.034	2.764
-1	-4.876	-0.086
-1	1.987	0.856
-1	-1.257	1.491
-1	-2.773	3.365
1	4.859	-3.064
-1	-3.568	-2.449
-1	1.437	4.228
-1	-1.725	0.407
-1	-3.526	1.121
1	3.858	-0.605
1	1.029	-3.763
1	3.235	-1.207
-1	0.818	-0.572
1	1.143	-3.989
-1	0.928	4.529
1	3.776	-2.596
-1	-0.557	0.763
-1	-0.387	-0.462
-1	3.606	1.84
-1	-2.096	-0.182
1	0.128	-4.312
-1	2.369	2.917
-1	4.917	1.996
-1	-1.676	2.743
1	4.47	-2.817
-1	3.49	0.499
-1	4.772	1.725
-1	0.644	0.59
-1	2.505	3.139
-1	-2.046	4.786
-1	2.669	3.082
-1	3.542	3.464
-1	-4.803	4.507
-1	4.355	3.804
-1	1.348	3.611
-1	-1.378	2.828
-1	4.299	2.343
-1	0.746	0.568
-1	-0.66	0.422
-1	-1.689	-1.19
1	2.605	-3.199
-1	0.661	-1.27
1	-0.122	-3.695
-1	4.32	3.736
-1	4.444	3.626
1	3.522	-1.535
1	1.708	-1.584
1	3.282	-1.742
-1	-2.076	2.637
-1	-2.938	0.624
-1	-2.4	-2.964
1	-1.548	-3.101
-1	4.379	0.55
1	2.468	-4.929
-1	-4.027	2.131
-1	-1.119	-0.07
-1	3.933	0.894
1	3.66	-4.837
-1	2.199	2.981
1	3.899	-2.004
-1	-2.041	-1.227
-1	-2.187	4.668
1	2.19	-3.905
-1	-2.074	1.466
1	0.084	-3.66
-1	-2.91	2.684
-1	-1.624	0.542
-1	0.936	4.107
-1	2.445	4.756
-1	4.179	3.418
-1	1.887	4.412
1	-1.652	-2.828
-1	-3.341	-2.991
-1	-2.664	0.21
-1	1.342	2.587
-1	3.206	4.301
-1	2.713	2.372
1	0.321	-3.745
-1	-0.181	-0.401
-1	2.721	4.904
-1	0.939	4.811
-1	-1.06	0.667
-1	-3.295	1.228
-1	-3.873	4.15
-1	0.984	1.658
-1	-1.08	4.224
-1	-2.578	2.269
-1	-3.604	-0.919
1	0.63	-4.916
1	4.292	-3.028
1	2.672	-1.15
-1	2.625	0.385
-1	-3.778	4.299
-1	1.64	1.042
1	-1.102	-4.287
-1	-2.702	1.19
-1	-4.476	-2.41
-1	3.209	3.581
-1	3.819	4.336
1	2.732	-3.845
-1	0.994	3.004
-1	-4.621	-0.231
1	0.273	-3.224
-1	3.85	2.255
-1	-3.14	3.142
-1	0.579	0.884
-1	-3.007	-1.795
-1	2.621	4.567
1	-2.496	-4.387
-1	-3.039	-2.246
-1	-3.674	-0.741
-1	3.944	3.202
-1	-1.798	-1.494
1	1.784	-2.979
1	-2.158	-4.132
-1	4.528	0.189
-1	3.872	4.908
1	4.958	-4.502
-1	3.036	3.808
-1	2.753	1.248
-1	-1.697	-1.667
1	-2.867	-3.352
-1	-2.11	4.754
1	2.567	-3.254
-1	-4.632	4.529
-1	-0.5	3.046
-1	-1.212	4.797
-1	1.249	1.99
-1	-1.697	-1.967
1	0.363	-2.503
-1	-4.747	-0.108
-1	2.686	4.125
-1	-3.848	-1.004
-1	0.975	4.188
1	4.157	-1.271
1	0.436	-2.54
-1	-1.586	-1.079
-1	-4.54	1.304
-1	-4.972	3.027
-1	3.05	1.748
-1	2.556	3.902
-1	-0.206	2.697
1	3.699	-3.957
-1	-3.961	-2.998
-1	-4.572	1.403
1	-0.5	-4.319
-1	2.647	3.538
-1	1.159	0.151
-1	-2.465	-2.866
1	-0.661	-3.308
-1	-2.785	1.127
-1	-4.496	0.629
-1	-4.951	-4.036
-1	3.285	1.429
-1	0.343	1.335
-1	-1.823	-2.1
-1	0.238	2.971
1	1.949	-4.711
-1	0.367	2.988
-1	-2.708	0.795
-1	-4.257	-1.856
-1	-2.171	3.39
-1	-3.318	0.34
1	-1.459	-4.431
-1	-1.174	-0.768
-1	-2.739	1.042
-1	-4.64	4.117
-1	3.023	1.761
-1	-4.919	1.309
-1	-1.81	0.425
-1	3.996	1.367
-1	-0.323	-0.766
-1	-4.31	-3.374
-1	-0.476	1.057
1	4.614	-1.832
1	3.205	-4.642
-1	1.312	2.386
-1	0.1	-0.654
-1	-2.274	-0.006
-1	-0.084	1.552
-1	0.578	-1.471
1	3.946	-2.71
-1	-2.353	1.97
-1	4.051	4.08
-1	4.631	3.593
-1	-4.143	3.627
-1	-3.688	-3.114
-1	4.214	3.355
1	-1.488	-4.91
-1	-0.588	4.479
-1	4.61	3.969
1	1.189	-2.726
-1	1.355	2.641
-1	1.62	0.433
-1	3.987	2.888
-1	3.338	-0.434
-1	2.77	2.284
1	1.856	-4.583
-1	-4.394	-2.74
1	0.849	-4.763
1	2.205	-1.941
-1	0.217	3.518
1	-0.055	-4.217
-1	1.873	3.458
-1	-4.127	2.637
1	-0.711	-4.517
1	1.607	-4.522
-1	-2.243	4.314
-1	-0.529	0.729
-1	-3.9	-1.541
-1	-1.382	4.438
1	3.025	-3.612
1	-1.926	-3.767
1	3.157	-1.319
1	-1.507	-4.642
1	-4.73	-4.301
1	-1.583	-3.161
-1	0.569	3.363
-1	-2.378	3.794
-1	-1.827	4.847
-1	1.431	2.462
-1	1.682	4.39
-1	-0.708	0.791
-1	0.057	0.115
-1	-3.479	1.157
1	3.574	-3.509
-1	-3.053	-2.049
-1	4.231	0.021
-1	-4.463	-1.26
-1	0.054	-0.97
-1	-0.902	0.325
-1	-3.919	2.516
-1	-1.484	-1.998
-1	-2.769	1.139
-1	-3.204	0.404
-1	-2.662	-0.42
-1	4.218	4.021
-1	-1.03	4.862
-1	-0.188	0.379
1	-0.023	-2.315
-1	-3.464	4.904
-1	-0.824	-1.517
-1	4.207	4.759
-1	-0.143	4.744
-1	-1.501	4.911
-1	-4.873	-1.05
-1	0.236	2.56
-1	2.818	0.105
1	-4.437	-4.951
-1	-3.756	3.711
-1	-3.195	4.934
-1	-1.709	2.375
1	3.955	-1.386
-1	-1.411	-1.232
-1	3.993	-0.082
-1	-2.195	1.882
-1	-0.178	1.982
-1	1.717	-0.97
1	-1.907	-3.426
-1	-4.874	1.593
1	-3.514	-4.747
-1	-4.457	-1.926
-1	2.814	-0.287
-1	3.179	3.377
-1	-0.238	0.775
1	2.088	-2.081
-1	0.71	1.732
-1	-4.706	-3.983
1	-4.654	-4.765
-1	-3.863	0.691
-1	0.153	-1.057
-1	-2.427	1.328
-1	-4.075	4.291
-1	1.71	-0.982
-1	2.217	1.836
-1	1.963	0.055
1	2.09	-1.142
-1	3.13	-0.096
1	3.571	-2.339
-1	4.633	4.685
-1	-0.211	-1.927
-1	-2.396	1.851
-1	4.805	4.25
-1	2.868	1.503
-1	4.485	4.006
-1	-2.805	-0.361
1	-2.051	-3.88
1	-4.033	-4.774
-1	1.763	2.677
-1	-4.404	-1.019
-1	-4.135	2.56
-1	4.036	2.955
1	2.77	-1.482
-1	4.211	1.342
-1	-2.468	0.196
-1	-2.621	2.321
-1	3.27	-0.016
-1	-0.828	-0.573
1	-0.766	-2.96
1	2.283	-4.928
-1	2.398	0.83
1	-3.937	-4.653
1	1.95	-2.97
-1	-4.427	-1.286
-1	1.059	2.522
-1	-0.953	1.924
-1	0.082	4.435
-1	-3.768	4.204
1	-2.046	-4.557
-1	-3.102	0.486
-1	0.64	-0.722
1	4.159	-4.738
-1	4.262	4.683
-1	-3.959	4.848
-1	-3.277	3.324
-1	1.272	4.122
-1	-0.846	2.335
-1	0.821	2.457
1	4.365	-2.253
-1	-3.829	-3.224
-1	-4.731	0.218
1	3.701	-3.297
-1	-0.347	4.933
-1	-4.093	-1.041
1	1.728	-2.194
-1	0.797	3.72
1	2.084	-3.692
1	0.334	-2.302
-1	-4.009	1.376
1	3.898	-2.285
-1	-3.948	0.171
1	3.189	-3.441
-1	-2.494	-0.99
-1	4.016	3.224
-1	-1.891	1.539
-1	-5	-1.622
-1	3.109	0.053
-1	0.081	4.114
-1	-3.662	0.989
-1	4.426	3.067
-1	0.147	0.223
1	1.787	-2.769
1	1.532	-2.878
-1	-3.719	-1.125
1	-0.15	-4.821
1	1.59	-2.746
1	0.35	-3.869
-1	-1.187	2.857
-1	-3.506	4.181
-1	1.081	-0.397
1	0.72	-2.567
1	2.982	-4.819
-1	2.487	4.415
-1	4.296	3.825
-1	0.404	3.722
1	1.892	-4.449
1	-4.703	-4.968
1	4.134	-1.819
1	3.506	-4.585
-1	2.057	4.708
-1	-4.405	4.999
-1	-3.038	-2.703
-1	2.483	0.776
-1	-4.846	3.977
-1	-3.691	-2.413
1	4.932	-1.618
-1	0.021	-0.734
-1	-1.437	3.86
-1	-1.318	4.211
-1	2.685	4.086
1	-0.715	-4.07
-1	0.99	-0.417
1	2.314	-3.524
-1	-0.884	0.82
-1	-3.108	2.525
-1	0.528	3.839
-1	2.525	2.49
-1	-3.864	-3.64
-1	4.618	2.643
-1	-4.663	-4.072
-1	1.582	1.621
-1	-0.69	2.955
-1	-4.112	-0.775
-1	1.815	-0.43
1	-1.563	-4.147
-1	-4.992	2.722
-1	-3.217	-2.65
-1	3.657	4.097
-1	-1.173	4.126
-1	-3.731	-2.929
1	1.651	-1.851
1	-4.09	-4.472
-1	-4.361	3.398
-1	-3.112	1.61
-1	-2.607	3.577
-1	-1.11	3.976
-1	0.199	-0.448
-1	1.931	1.087
1	3.777	-4.901
-1	-4.343	3.566
-1	-4.048	2.017
-1	-2.359	-2.265
1	4.368	-3.702
1	3.184	-1.805
-1	1.776	0.805
-1	0.266	-1.572
1	3.954	-2.472
-1	-4.692	4.593
1	2.278	-2.803
-1	-2.445	4.672
-1	-4.226	1.445
1	0	-2.675
-1	-4.003	3.283
-1	3.412	1.127
-1	3.382	0.421
-1	-0.307	4.334
-1	-2.561	2.334
-1	3.421	3.159
1	-0.015	-2.043
-1	-3.646	-3.239
1	3.762	-2.028
-1	-3.459	2.716
-1	-3.148	-3.15
-1	-1.338	0.482
-1	-4.601	1.217
1	0.154	-3.827
-1	4.015	1.506
-1	4.851	1.364
-1	-0.21	3.263
-1	-2.509	-1.828
-1	-4.963	-1.463
-1	3.859	3.828
-1	-4.129	2.28
-1	1.987	0.856
-1	1.59	3.341
-1	-1.03	0.352
-1	2.665	0.511
-1	-1.931	4.517
1	2.361	-1.917
-1	-3.649	-0.888
-1	4.3	1.506
-1	-3.362	-0.333
1	4.364	-3.511
-1	-3.968	-0.846
-1	1.104	4.875
-1	-1.321	1.141
-1	-1.588	-2.462
1	-0.031	-4.364
1	1.17	-3.044
-1	-2.156	-2.24
-1	1.649	1.814
-1	-0.535	-0.686
-1	-2.674	-1.114
-1	-4.817	1.039
1	1.969	-3.465
-1	-4.848	-2.379
1	-0.607	-3.21
1	2.289	-4.891
1	4.631	-0.327
-1	-0.736	0.735
-1	-0.452	-0.705
-1	-3.123	-0.687
1	1.833	-1.802
-1	-0.051	4.355
-1	0.155	2.793
-1	3.468	3.156
-1	-4.04	-2.067
1	3.823	-1.714
-1	-1.829	0.358
1	0.677	-4.86
1	-1.755	-2.819
-1	-2.239	-1.01
1	-4.677	-4.95
-1	-0.9	4.954
-1	-3.925	3.364
-1	-2.958	0.624
-1	-2.341	-1.081
-1	1.289	0.844
1	-1.531	-3.762
-1	-3.449	-0.024
1	0.383	-4.981
-1	-1.867	1.343
1	4.304	-3.044
1	0.981	-2.525
-1	-1.334	3.011
-1	3.967	1.912
-1	-4.808	-3.271
-1	-4.098	1.868
-1	3.131	0.002
-1	-1.826	4.207
-1	4.718	0.216
-1	-3.817	-2.623
-1	0.487	2.472
-1	-0.427	3.957
-1	0.062	1.125
-1	-1.067	1.797
-1	-2.504	-1.582
-1	-1.859	3.153
-1	-3.274	0.474
-1	1.98	0.393
-1	-1.515	0.948
1	-2.695	-4.97
-1	-0.971	4.559
1	1.898	-2.84
-1	-0.438	1.424
-1	2.719	-0.72
-1	-3.359	3.902
-1	-1.99	-1.52
-1	-2.274	2.583
1	3.789	-0.86
-1	-1.292	-2.277
-1	-4.062	-2.443
1	-2.507	-4.569
-1	-4.29	-0.78
-1	0.905	2.69
-1	4.613	4.391
-1	-1.362	3.27
-1	4.421	2.667
1	2.829	-2.329
-1	1.18	3.743
1	4.095	-1.101
-1	-1.976	2.088
1	4.154	-2.614
-1	-4.431	3.232
-1	4.969	0.71
1	-2.627	-4.97
-1	3.433	4.663
-1	-2.413	2.279
-1	-4.906	4.649
-1	-3.501	-2.649
-1	2.339	2.464
-1	-3.258	2.33
-1	-2.914	2.515
-1	-3.651	4.915
-1	-4.814	-1.119
-1	0.011	0.634
-1	-0.867	-0.613
-1	-2.278	-1.713
-1	1.773	4.643
-1	-3.481	1.742
1	0.354	-4.756
1	-1.876	-4.861
1	1.259	-2.937
-1	2.418	1.353
-1	-3.288	0.269
-1	3.705	0.404
-1	-2.267	1.799
-1	-2.266	-0.181
1	-0.685	-4.565
1	-3.913	-4.147
-1	-4.331	-2.55
-1	1.487	-0.198
-1	1.837	0.562
1	3.089	-1.39
-1	0.205	0.96
-1	1.704	1.911
-1	-2.443	4.829
-1	-1.597	3.816
1	-3.108	-4.179
-1	-3.478	-1.395
-1	-2.557	1.579
1	0.361	-3.472
-1	-1.622	-0.553
-1	-2.3	-0.955
-1	-0.118	-1.213
-1	-0.101	0.551
1	-2.411	-3.614
-1	-4.647	4.426
-1	1.948	-0.206
-1	-1.964	3.506
-1	2.107	1.092
-1	0.417	4.664
-1	0.921	3.82
1	3.48	-0.834
-1	0.994	1.354
-1	-0.877	3.437
-1	-2.067	4.484
-1	1.317	1.312
-1	-1.069	4.017
-1	1.709	0.165
1	4.156	-3.392
1	2.069	-3.255
-1	-2.005	2.422
-1	-3.829	1.295
1	3.569	-4.441
-1	-0.199	0.676
-1	1.652	1.571
-1	0.34	3.925
1	-3.257	-4.828
-1	-1.909	-0.911
1	1.527	-1.434
-1	3.878	0.812
-1	-1.95	0.196
-1	-2.876	-1.667
-1	-0.787	0.186
1	3.499	-1.63
-1	1.794	0.568
-1	0.115	1.141
1	4.342	-2.361
-1	-2.563	-0.737
-1	-1.802	-1.41
-1	4.939	1.202
1	1.513	-3.369
-1	0.128	3.257
-1	-3.196	-0.429
-1	-2.654	-0.317
1	3.138	-3.775
-1	-4.505	2.54
-1	1.421	3.972
1	2.226	-4.366
-1	-0.842	0.725
-1	-4.644	-4.048
-1	2.645	0.472
-1	-1.554	-1.661
-1	3.111	0.883
-1	2.603	2.661
-1	0.825	2.542
-1	-4.784	-2.661
-1	4.174	0.344
-1	-4.404	2.33
-1	1.267	4.294
1	-2.987	-4.243
-1	-4.481	3.86
-1	-0.35	-1.708
1	2.832	-3.124
-1	-4.721	-3.01
1	-1.047	-4.365
1	4.295	-3.402
1	1.107	-2.259
1	-0.063	-4.43
1	-0.024	-2.46
1	-0.416	-4.199
-1	-4.917	-0.2
-1	4.492	0.609
-1	1.496	1.44
-1	-2.061	-2.237
1	0.735	-3.696
1	4.873	-2.394
-1	-4.836	-0.477
-1	-2.749	-0.651
-1	-2.249	-2.47
-1	1.339	1.704
1	-1.835	-3.014
-1	3.302	0.625
-1	-3.921	4.591
-1	-2.453	-2.593
-1	3.484	2.131
1	4.561	-0.081
-1	-3.069	4.053
-1	-4.472	3.427
-1	0.494	4.819
-1	2.543	2.581
-1	-3.877	-1.232
-1	-4.813	2.639
1	-0.357	-2.562
-1	-3.012	2.394
-1	-3.68	-0.32
-1	-0.902	-0.514
-1	-1.982	3.752
-1	1.463	-0.902
-1	-0.305	4.01
1	1.505	-1.821
-1	1.142	1.066
-1	3.098	-0.575
-1	-3.528	-0.022
-1	-2.147	1.966
-1	-0.203	1.748
1	-0.453	-2.728
-1	-4.484	-3.914
1	4.912	0.159
1	4.877	-3.1
1	-2.447	-3.803
-1	-2.068	-1.997
-1	-2.965	0.951
-1	3.107	3.498
-1	-4.951	4.154
-1	-1.139	-2.094
1	-2.666	-4.997
-1	0.325	1.784
-1	-0.572	1.797
-1	-3.237	-1.367
-1	-4.885	1.56
-1	-4.619	-3.986
1	0.185	-4.103
-1	-2.9	0.097
-1	-2.592	3.329
1	-1.651	-3.687
1	0.879	-2.366
-1	-0.684	2.914
-1	3.585	3.775
-1	-2.235	-0.014
-1	2.93	1.626
-1	2.892	1.616
-1	1.629	4.569
-1	4.752	2.409
1	1.366	-3.485
1	2.395	-2.167
-1	-0.572	2.776
-1	-1.153	4.613
1	0.026	-2.7
-1	-3.938	-1.214
1	-4.371	-4.237
-1	0.1	1.508
-1	-1.603	4.416
-1	-4.225	-3.018
-1	-0.456	-1.46
-1	-1.68	3.826
-1	1.518	2.565
-1	-3.206	4.499
1	2.134	-3.454
-1	1.908	4.853
-1	-1.938	-0.697
-1	-2.314	-1.158
-1	3.432	1.534
-1	4.807	4.81
1	3.834	-4.131
-1	-1.404	0.815
-1	2.984	3.696
1	-2.676	-3.618
-1	-0.535	4.451
-1	4.716	0.361
1	4.343	-1.963
-1	-0.813	0.861
-1	-4.398	0.981
-1	0.36	-0.912
-1	-1.121	3.62
-1	-1.059	-1.707
-1	-2.076	1.628
-1	2.135	2.708
-1	-1.838	1.942
1	-1.13	-3.004
-1	-0.837	2.466
-1	2.811	3.5
-1	-2.485	1.487
1	1.234	-1.668
-1	-2.71	0.95
1	3.693	-3.367
1	0.339	-2.12
1	2.494	-2.707
1	0.213	-2.146
-1	1.382	0.444
1	-3.525	-4.677
1	3.738	-4.249
-1	1.951	0.873
-1	-0.189	1.465
-1	4.168	3.681
-1	-0.187	4.683
-1	-2.501	3.977
-1	-0.465	0.014
1	0.464	-4.231
1	3.346	-0.893
-1	-1.928	-1.609
-1	0.74	3.411
-1	-2.377	4.587
-1	2.057	2.836
1	3.793	-1.561
-1	-1.719	1.62
-1	-4.886	3.371
1	2.371	-1.582
-1	-4.404	3.534
-1	4.883	4.764
-1	-1.433	-0.303
-1	0.8	1.067
1	-1.326	-4.665
-1	2.433	0.49
1	2.457	-2.868
1	0.949	-4.471
1	0.523	-3.31
-1	0.292	3.147
1	2.629	-2.651
-1	-2.665	1.422
-1	-2.86	-3.032
-1	-1.957	-2.745
-1	-4.661	1.766
1	-2.975	-4.064
-1	-3.347	3.26
-1	2.052	0.22
-1	-2.043	4.204
-1	-3.713	-2.017
-1	4.54	3.721
-1	-0.174	1.997
-1	2.205	2.127
-1	-1.122	-2.272
-1	0.169	4.17
1	2.227	-2.202
-1	-3.48	4.563
1	4.221	-1.34
-1	2.883	3.616
-1	-2.733	3.223
-1	0.382	-0.708
-1	0.511	2.035
-1	-2.447	-2.437
1	3.608	-3.138
-1	-3.232	4.895
-1	-3.802	2.66
1	-0.032	-2.624
-1	-3.991	-2.827
1	4.503	-0.113
-1	-3.746	-0.327
-1	-0.943	3.481
1	-1.177	-3.071
-1	-0.604	-1.956
-1	-3.058	-2.72
1	3.012	-0.791
-1	1.855	4.747
1	-0.146	-2.634
-1	-1.866	-1.241
-1	-3.719	-3.258
-1	-3.027	4.401
-1	-3.362	-1.829
-1	-1.587	-2.042
-1	-3.101	-0.578
-1	-3.516	2.755
-1	0.661	4.09
-1	3.78	1.071
-1	-1.077	-2.397
-1	3	3.32
-1	-3	4.942
1	1.952	-4.988
-1	-4.496	-1.193
-1	4.759	0.358
-1	-2.475	-2.106
1	4.117	-4.842
1	-0.364	-3.91
1	4.56	-2.374
-1	-4.386	-2.027
-1	-3.063	3.865
-1	-1.252	-1.579
-1	1.62	4.409
-1	3.863	0.4
-1	-3.168	-2.214
-1	3.004	4.833
-1	2.458	1.356
-1	1.127	-0.59
-1	1.368	1.631
-1	-0.431	1.128
1	3.341	-1.554
-1	0.374	2.458
1	-1.395	-4.99
-1	-0.099	-1.835
1	3.989	-3.133
1	-2.51	-4.074
-1	-4.268	1.238
-1	-4.301	-1.295
-1	-3	4.562
-1	0.457	-1.168
-1	-2.652	-1.539
-1	-4.983	4.807
1	1.169	-2.503
-1	-4.431	-2.462
-1	4.128	0.139
-1	0.018	2.47
1	3.585	-4.608
-1	-3.72	3.542
1	1.754	-2.467
-1	-3.293	0.743
1	-0.6	-4.45
1	-1.979	-3.515
1	1.788	-1.28
-1	0.19	0.14
1	4.634	-4.353
1	0.325	-3.017
-1	-4.539	-3.306
-1	3.142	1.63
-1	-0.809	0.063
-1	0.52	-1.68
1	1.554	-4.462
1	2.142	-3.508
-1	-4.07	3.422
-1	-4.966	2.685
-1	2.308	3.094
1	4.78	-3.292
1	3.644	-2.198
1	4.545	-3.216
1	1.522	-3.913
-1	1.925	1.157
-1	-3.265	3.602
-1	-0.508	3.548
-1	-4.704	3.986
1	-3.47	-4.16
-1	-0.951	2.051
-1	-4.488	1.956
-1	2.589	2.654
-1	3.448	-0.128
-1	-2.572	3.482
-1	-2.443	1.088
1	1.576	-2.663
-1	2.797	0.22
-1	0.139	-1.306
-1	2.005	3.014
1	-0.218	-4.718
-1	-4.477	-2.131
-1	0.236	0.015
-1	-3.583	-3.116
-1	-4.647	4.299
1	-2.276	-4.246
1	1.35	-1.764
1	2.71	-4.708
-1	2.242	1.158
-1	0.164	1.023
-1	-0.359	2.721
-1	-2.889	2.569
-1	1.41	1.26
-1	-2.21	2.902
-1	4.955	1.147
1	0.916	-3.911
-1	-2.219	1.439
-1	-1.042	3.017
-1	2.806	0.375
1	4.901	-0.489
-1	-0.326	3.978
-1	0.265	2.377
1	3.566	-2.024
1	2.669	-2.839
1	4.134	-2.167
1	-0.464	-4.873
1	1.906	-2.001
1	2.697	-1.684
-1	4.26	1.839
-1	2.57	0.567
-1	-2.014	-1.514
-1	-1.992	0.767
-1	1.277	1.966
1	-4.864	-4.565
1	3.693	-4.963
-1	-0.054	4.719
1	0.367	-4.788
1	2.096	-1.066
1	4.54	-3.883
-1	1.095	3.674
1	-1.05	-4.369
-1	3.802	2.208
-1	-1.37	-2.149
-1	-4.475	4.242
1	4.69	-0.553
-1	-3.839	-2.324
1	2.934	-0.831
1	-0.205	-4.437
-1	-3.865	-0.069
-1	2.351	1.18
-1	-3.68	-2.703
-1	0.9	1.688
1	3.861	-2.004
-1	1.974	3.401
-1	-0.886	-1.931
-1	-1.572	-0.584
-1	-4.948	3.582
-1	-3.375	-1.318
-1	-3.567	3.502
1	4.277	-3.877
-1	-2.051	1.79
-1	-4.849	2.235
-1	-4.04	-0.054
-1	2.799	3.447
1	1.229	-3.498
-1	-0.372	2.549
1	-1.201	-4.472
-1	-4.411	4.013
-1	4.876	2.563
-1	-1.234	-1.01
-1	1.984	2.194
-1	-0.241	2.036
-1	0.776	1.384
-1	2.071	2.209
-1	-3.762	-2.3
1	-0.316	-4.461
1	4.49	-0.165
1	2.775	-4.55
1	4.781	-3.074
1	0.25	-2.638
-1	-1.572	4.878
-1	1.264	-1.421
-1	1.758	1.853
-1	3.944	1.634
-1	-4.231	-2.289
-1	1.977	-0.895
1	1.257	-3.264
-1	-3.858	-2.966
-1	-0.528	-0.435
-1	0.595	0.71
-1	2.265	1.632
1	1.249	-1.893
1	-3.533	-4.624
-1	-1.442	2.601
-1	-2.698	0.16
1	4.963	-2.918
-1	0.038	1.227
-1	-2.986	-3.204
1	4.433	-4.042
-1	3.43	1.554
-1	-1.331	0.407
-1	-4.341	4.927
1	-1.505	-3.199
-1	3.313	2.967
1	-2.282	-4.74
-1	-4.971	1.335
1	1.892	-2.369
1	4.443	-0.288
-1	-1.993	4.353
1	-2.687	-3.338
-1	-0.487	3.628
-1	-4.904	4.551
1	-0.144	-2.89
1	2.699	-4.359
-1	-1.931	-2.519
1	2.195	-1.91
-1	2.889	2.854
-1	4.369	2.736
-1	1.008	2.682
-1	0.704	3.726
-1	-0.705	0.733
1	-3.586	-3.813
1	3.364	-4.143
-1	-2.749	2.724
-1	-4.79	-0.436
-1	0.738	-0.277
-1	-1.807	0.834
-1	-4.374	-0.599
-1	2.945	3.325
-1	-3.606	2.366
-1	-4.194	3.589
-1	-4.544	0.047
-1	-2.205	4.826
-1	-2.216	3.803
-1	-1.14	-0.16
-1	-1.118	3.155
-1	-4.427	-3.352
-1	0.695	0.29
-1	-2.495	2.946
-1	4.366	4.067
-1	3.863	0.104
-1	-1.21	3.408
1	2.29	-4.232
-1	4.161	0.235
1	4.093	-4.445
-1	-2.399	1.251
-1	4.144	4.41
-1	2.651	3.291
1	0.588	-4.565
-1	-1.553	4.448
-1	0.275	-1.319
1	-1.044	-2.8
-1	0.329	4.651
-1	-1.158	2.834
-1	-1.051	4.56
-1	1.901	4.164
-1	-0.336	2.043
1	2.572	-3.045
-1	2.811	1.733
-1	-1.458	-1.744
-1	-1.36	-2.504
-1	0.859	4.136
1	3.258	-1.49
1	2.428	-1.154
1	-4.703	-4.125
1	-1.706	-3.076
-1	-0.444	2.25
-1	-0.875	4.885
-1	-1.747	-0.681
-1	-0.929	-1.445
-1	-1.12	2.324
-1	-2.281	-0.104
-1	-0.633	1.644
-1	-1.797	3.53
-1	4.729	1.746
-1	-3.214	-1.63
-1	0.594	2.645
1	3.858	-1.148
-1	2.508	1.286
-1	2.698	2.805
-1	-1.487	2.344
1	4.73	-0.579
1	-4.053	-4.793
-1	-4.342	-0.8
-1	-4.122	-0.271
-1	-0.893	-0.242
-1	-2.947	-1.821
1	1.007	-2.228
-1	1.175	4.21
-1	-3.698	0.904
-1	-2.692	4.44
-1	0.626	2.902
-1	2.086	-0.515
1	3.106	-4.054
-1	2.123	0.804
1	3.751	-4.363
1	4.501	-0.167
1	-3.59	-4.552
-1	-3.608	-2.931
-1	-4	-2.729
-1	-1.85	0.108
1	-1.619	-3.444
-1	3.287	4.388
-1	-0.672	-0.538
1	-0.049	-3.017
-1	1.718	2.259
-1	-3.577	-2.655
-1	-3.486	-0.139
-1	-1.818	0.972
-1	0.807	1.657
1	3.129	-4.089
-1	2.294	2.63
-1	0.744	0.057
-1	3.078	2.137
-1	2.126	4.078
-1	0.76	1.628
-1	-0.814	4.141
-1	3.184	3.825
-1	-0.118	3.865
-1	4.639	4.833
-1	-4.152	1.358
-1	-1.556	3.623
1	0.055	-3.69
-1	-1.515	-0.411
-1	2.283	0.644
-1	-3.754	0.412
-1	1.555	-0.107
-1	-1.958	-2.7
1	4.95	-3.88
-1	0.789	-1.572
1	1.55	-3.451
1	-4.944	-4.263
-1	2.042	3.241
1	0.914	-3.076
-1	-1.542	0.554
1	3.109	-4.342
1	3.264	-3.446
1	4.281	-1.681
-1	4.216	4.118
-1	-0.74	1.499
-1	-0.237	0.506
1	3.263	-3.682
-1	-4.601	-3.695
-1	4.97	1.701
1	3.777	-2.889
-1	-4.871	0.328
1	-4.988	-4.814
-1	-2.583	2.055
-1	-0.221	-0.317
1	3.979	-0.411
-1	-4.763	2.089
-1	0.247	-0.147
1	-0.005	-4.12
-1	-0.476	-0.789
-1	4.999	3.784
-1	-4.289	-3.886
-1	-4.357	0.326
1	3.784	-3.958
-1	1.632	0.107
1	-0.904	-3.239
-1	2.218	-0.775
-1	-1.559	2.231
-1	-4.237	-2.79
1	-0.714	-3.106
-1	1.894	4.617
-1	-2.165	-1.517
-1	-1.942	3.082
-1	3.337	3.053
-1	0.315	4.213
-1	3.617	0.314
-1	2.998	0.68
-1	-2.22	3.641
-1	-3.994	-3.436
-1	1.035	2.638
1	-1.977	-4.869
1	0.752	-4.758
-1	-4.291	0.545
-1	-1.175	2.824
-1	2.756	-0.537
1	1.071	-3.998
-1	-0.92	3.906
-1	-0.515	-1.509
-1	1.989	4.174
-1	-3.456	3.656
1	3.388	-4.839
-1	-1.03	-2.262
1	0.841	-1.898
-1	-3.621	1.848
-1	-3.982	-1.234
-1	-4.162	-0.958
-1	-4.75	-2.058
1	-0.716	-4.041
1	3.488	-0.539
1	0.135	-2.404
1	3.924	-3.794
-1	-1.402	4.356
-1	-4.887	-0.565
-1	-2.153	-1.546
1	4.962	-4.256
-1	-2.89	-0.298
1	2.257	-2.568
-1	2.44	4.451
-1	-3.114	0.171
1	1.299	-2.096
-1	0.289	-1.511
-1	1.946	0.539
-1	-2.216	2.582
1	-2.15	-3.728
-1	-2.957	2.986
-1	-1.132	2.319
1	4.192	-1.182
-1	1.676	0.657
-1	3.253	0.875
-1	0.463	3.215
-1	1.619	-1.075
1	4.269	-1.123
-1	-2.291	1.709
1	4.68	-0.405
1	3.232	-2.669
1	2.5	-1.478
-1	0.82	-0.554
-1	0.413	-0.044
-1	-2.971	3.264
1	1.228	-4.576
-1	1.25	1.448
1	2.744	-3.206
1	1.618	-4.228
-1	-1.196	-0.128
-1	1.647	4.267
-1	4.439	4.619
-1	-1.807	3.709
1	4.848	-2.746
-1	-3.23	4.528
-1	1.85	1.355
-1	-3.141	-0.65
-1	1.229	-0.969
1	0.148	-3.358
-1	3.988	2.177
1	4.906	-3.432
1	-1.046	-2.492
1	-0.631	-3.302
1	-0.697	-4.013
-1	-2.53	3.107
-1	-2.789	0.469
-1	-1.274	3.003
-1	-3.56	-1.729
1	-1.936	-3.712
1	0.526	-3.814
-1	-4.184	-2.624
-1	2.541	4.027
1	-1.922	-4.878
-1	-1.941	3.226
-1	-3.235	3.399
-1	0.404	3.023
-1	4.967	4.358
1	-4.468	-4.312
1	2.408	-3.813
-1	-3.324	1.23
1	4.294	-4.761
-1	3.051	4.372
-1	3.242	4.492
1	-2.356	-3.694
-1	-4.22	-0.478
-1	-2.507	2.949
-1	1.898	1.386
-1	-1.672	4.976
-1	1.509	1.387
-1	3.202	-0.374
-1	-3.862	4.958
-1	-2.351	2.458
1	0.668	-1.819
-1	3.146	4.428
-1	-4.28	1.174
1	0.658	-4.986
1	1.414	-4.938
-1	0.739	-0.344
1	4.554	-0.265
1	-2.685	-4.666
1	4.257	-3.84
1	-0.365	-2.493
-1	2.546	2.964
-1	-2.517	-0.945
-1	-4.297	2.037
1	0.033	-3.158
-1	-1.652	2.683
-1	4.3	0.368
-1	2.216	2.446
-1	-3.851	2.937
-1	-1.379	-1.841
-1	-0.697	1.387
1	-1.779	-4.958
-1	-3.957	-2.225
-1	-0.223	4.71
1	4.462	-4.614
-1	-4.13	-0.903
-1	-2.107	3.417
-1	-2.939	-3.272
-1	3.824	4.117
1	3.766	-1.142
-1	-4.041	3.466
1	2.893	-4.741
-1	-4.814	0.109
1	-0.943	-3.665
-1	-1.954	-0.97
-1	-0.505	-1.298
-1	-4.583	2.716
-1	-4.904	2.813
-1	-4.508	-0.126
-1	2.523	1.306
-1	0.26	3.394
-1	-4.597	-0.494
-1	-1.837	3.817
-1	1.234	3.339
1	2.934	-3.648
-1	3.549	3.893
-1	4.818	1.442
1	0.504	-4.995
-1	2.904	0.913
-1	2.692	2.302
1	4.944	-2.813
1	-3.996	-4.639
1	1.256	-3.899
-1	-0.474	1.748
-1	-2.673	-2.95
-1	-1.946	-1.061
-1	1.796	4.809
-1	3.445	1.311
-1	3.626	-0.32
-1	-3.998	-2.088
-1	1.032	4.552
1	3.157	-2.797
-1	-2.654	-1.339
1	3.56	-4.75
-1	0.927	1.252
-1	2.553	0.871
-1	3.44	3.557
1	-2.416	-3.952
-1	1.01	2.111
-1	-0.852	3.337
-1	0.513	-1.446
-1	-2.723	3.661
-1	-1.637	2.074
-1	-3.676	3.342
-1	-3.246	-2.674
-1	-3.746	-0.861
-1	-3.122	0.764
-1	1.342	-0.775
-1	0.777	-0.098
-1	-4.173	-3.296
-1	-3.846	3.38
-1	2.575	0.946
1	-1.71	-4.84
-1	1.994	4.3
1	-1.377	-3.858
-1	-1.01	0.488
1	-0.304	-2.381
-1	-0.851	-0.588
1	4.693	-3.175
1	-2.246	-3.552
1	-0.849	-4.64
1	0.587	-2.618
1	1.124	-3.071
1	-2.041	-3.098
-1	-1.817	-1.214
-1	-1.394	-0.663
-1	-2.833	2.534
1	1.636	-3.191
-1	-0.954	-1.37
-1	-3.891	2.669
-1	-3.875	-3.549
-1	-1.843	-2.827
-1	-0.93	-1.342
-1	1.585	-1.236
-1	0.483	4.339
-1	-3.436	0.986
-1	1.052	-1.497
1	3.368	-2.824
1	0.432	-3.673
-1	-4.57	-0.033
-1	-3.534	-0.963
1	4.304	-1.367
-1	-3.429	-2.708
-1	-3.206	0.617
-1	-2.725	4.255
1	4.638	-1.6
-1	-4.293	4.147
-1	0.573	-0.223
1	4.157	-2.841
1	-0.107	-4.008
-1	2.85	1.457
-1	1.978	-1.098
-1	4.96	0.347
1	-2.569	-3.256
-1	-1.974	-2.139
-1	1.711	-0.508
1	1.898	-2.632
-1	-0.523	-0.179
-1	-0.34	1.271
1	1.79	-1.713
-1	-3.121	-2.22
1	1.687	-2.414
-1	3.279	3.613
-1	2.363	2.436
-1	2.124	3.609
-1	3.428	-0.026
1	0.066	-3.241
-1	0.229	0.027
-1	-1.542	2.66
-1	1.771	1.484
-1	1.873	4.835
1	2.329	-4.876
-1	-2.797	3.158
-1	-0.055	-1.785
-1	-4.218	3.088
1	1.503	-2.339
-1	-4.132	4.542
-1	0.247	0.5
-1	3.155	3.962
1	-2.064	-3.369
-1	2.571	2.717
-1	-2.042	-2.362
-1	4.476	3.187
-1	-0.983	-2.066
-1	-2.801	2.14
-1	0.77	4.072
-1	-1.673	4.451
1	4.196	-3.118
1	2.61	-4.506
-1	0.098	3.392
-1	3.582	2.953
-1	-3.947	0.802
-1	-1.153	-2.348
-1	2.654	3.355
1	-3.386	-4.409
-1	4.986	0.538
-1	-0.34	-2.056
1	-0.472	-4.512
-1	2.483	3.545
-1	-1.578	1.034
-1	-2.963	0.544
-1	0.107	0.365
1	-0.004	-4.345
1	2.247	-2.394
-1	-3.851	3.697
-1	2.35	1.083
-1	-1.998	3.403
-1	3.238	1.85
-1	-3.945	0.892
-1	0.205	4.021
-1	-2.165	0.191
-1	-4.089	2.495
-1	-0.512	0.439
-1	2.983	3.323
-1	-4.664	2.757
-1	-0.642	3.726
-1	-1.698	4.465
-1	-0.909	-0.35
-1	-4.88	2.69
-1	-1.392	2.622
1	1.388	-4.042
-1	-4.943	4.39
-1	4.361	3.295
-1	1.24	1.768
-1	-4.46	2.797
-1	-2.859	-1.625
1	4.341	-1.947
1	2.223	-1.171
1	-0.156	-3.442
1	-2.848	-3.467
-1	4.316	1.51
-1	-4.741	3.97
-1	-2.673	-0.65
-1	4.972	3.8
-1	-2.96	-1.42
-1	-2.226	-0.22
-1	-0.462	-2.169
-1	-0.829	-1.101
-1	2.479	1.763
-1	2.019	3.019
-1	-0.439	0.512
1	2.746	-4.746
-1	-0.083	-0.031
-1	-0.917	4.762
1	1.528	-2.413
-1	-3.705	-2.804
1	0.45	-3.446
-1	-3.834	-0.871
1	-2.744	-3.862
-1	-2.071	-0.704
1	-0.282	-2.945
-1	0.429	0.608
-1	-0.113	4.6
-1	4.507	3.718
-1	-2.285	-2.122
1	1.737	-1.372
1	3.39	-4.165
-1	-1.118	-1.692
-1	0.805	-0.683
-1	4.422	3.685
-1	-1.743	2.069
-1	-4.119	3.707
-1	3.623	3.399
1	-2.164	-4.121
1	0.889	-2.882
1	-3.473	-4.393
-1	-0.827	1.956
-1	1.215	0.412
-1	-2.092	-2.926
1	-0.87	-3.024
-1	-3.696	2.219
-1	-3.044	1.046
-1	3.055	0.839
1	0.706	-4.788
-1	1.508	0.128
-1	3.897	4.765
-1	-2.803	1.13
-1	3.472	2.172
-1	-0.471	2.661
1	-0.597	-4.582
1	1.131	-2.717
-1	2.377	1.656
-1	0.591	4.944
-1	-2.931	-0.148
1	3.37	-2.449
-1	1.828	1.026
-1	1.123	3.784
1	-2.928	-4.47
-1	-4.025	2.779
-1	2.094	2.484
-1	4.259	0.991
-1	2.249	2.809
1	3.473	-2.926
-1	-0.019	-1.998
-1	4.735	0.737
-1	4.772	0.866
1	3.02	-1.499
1	3.874	-1.389
1	-1.555	-4.057
-1	-0.185	3.167
1	4.847	-3.357
1	-0.807	-2.678
1	1.78	-2.383
1	4.204	-0.893
-1	-4.604	1.298
-1	-3.409	1.008
-1	-2.711	0.193
1	-1.183	-4.238
-1	2.267	0.15
-1	-4.884	-1.646
-1	-4.113	1.24
-1	0.572	0.259
1	4.741	-0.554
-1	0.223	4.538
1	-3.258	-4.962
1	2.705	-3.411
-1	-3.318	3.25
-1	-4.737	-0.186
-1	-4.133	4.467
-1	3.921	2.616
-1	0.765	1.865
-1	-1.376	-0.594
-1	-2.942	2.441
-1	-3.48	4.325
-1	-2.409	2.988
-1	-2.321	4.831
-1	-0.772	3.251
-1	0.09	-1.031
1	-2.303	-4.687
1	4.859	-4.209
-1	-4.648	-1.084
-1	3.732	3.386
-1	-2.834	3.995
-1	-1.8	4.385
-1	-0.186	3.473
1	2.001	-4.421
-1	0.338	1.977
-1	-3.663	2.396
-1	-0.582	-2.143
-1	-1.927	-1.638
-1	-4.155	-2.896
1	-1.807	-3.575
-1	1.707	-0.365
-1	-3.254	4.405
1	-0.051	-3.395
1	1.548	-3.347
-1	-3.127	0.281
-1	-4.961	-0.961
-1	-0.724	4.591
-1	4.777	4.091
1	3.064	-1.87
-1	1.022	4.755
-1	-4.892	2.36
-1	2.151	-0.474
-1	1.569	1.577
-1	-0.76	2.415
-1	3.681	2.433
-1	0.192	0.389
-1	-2.931	1.939
-1	-3.854	-1.63
-1	-0.104	2.694
-1	0.023	1.77
1	-2.025	-3.586
1	2.161	-1.396
-1	-3.995	1.938
-1	-2.305	0.421
-1	-4.931	0.069
1	0.176	-4.823
-1	-2.571	3.68
-1	-3.945	3.999
-1	0.257	0.296
-1	-2.234	-1.062
-1	4.081	2.958
-1	0.679	2.502
-1	-3.751	1.825
-1	2.224	1.146
-1	-4.128	-2.753
-1	-2.084	-1.153
1	-1.339	-4.923
1	2.451	-3.982
-1	2.016	1.498
1	1.44	-1.563
-1	-3.432	-3.384
1	4.966	-4.651
-1	-4.704	-3.979
1	4.348	-3.095
-1	-2.331	3.466
-1	-2.804	-3.249
-1	-2.223	2.875
-1	0.605	-0.974
-1	-3.947	-2.17
-1	-4.828	-3.075
-1	-3.571	-1.912
1	0.772	-3.557
-1	4.518	4.576
-1	-2.539	-2.114
-1	-2.574	3.901
-1	1.323	-1.006
-1	1.87	1.289
-1	-4.304	-1.482
-1	-1.338	1.396
-1	0.424	1.332
-1	-0.137	2.62
-1	-0.565	2.64
-1	-3.153	1.392
1	3.018	-2.1
1	4.222	-0.457
-1	-0.175	2.004
-1	-1.017	1.95
1	3.447	-1.499
1	-2.122	-4.092
-1	1.387	0.304
-1	1.162	4.062
1	0.651	-1.968
-1	0.351	1.347
-1	-2.098	0.366
-1	-2.257	3.326
1	3.05	-1.042
-1	-2.702	3.837
1	2.95	-4.502
-1	0.229	0.969
1	-1.602	-4.196
-1	-4.488	-0.424
1	2.808	-4.153
-1	2.878	1.255
-1	-0.651	2.108
1	2.163	-4.264
-1	3.764	4.677
-1	1.151	-0.585
-1	-2.291	2.854
-1	2.114	0.612
-1	-1.78	1.21
-1	-4.71	-3.73
-1	-4.832	3.941
-1	-4.893	-0.529
1	4.439	-3.311
-1	-4.56	4.189
-1	-2.507	2.304
-1	-4.883	1.653
1	3.151	-0.653
-1	-2.092	3.852
-1	-3.545	1.423
-1	0.941	1.572
1	1.101	-2.908
-1	2.339	0.162
1	4.946	-0.546
-1	2.126	4.519
1	2.016	-1.231
-1	-4.211	2.184
-1	-2.29	2.249
-1	-3.345	3.501
-1	0.29	3.447
-1	-0.958	2.783
1	-2.897	-4.488
-1	-4.212	1.607
-1	-3.789	-1.304
-1	-3.189	4.019
-1	1.471	2.752
-1	0.591	3.924
1	1.196	-2.07
-1	-0.913	1.143
-1	-1.264	2.565
1	0.662	-4.248
-1	-3.666	-2.197
1	-0.711	-4.604
1	1.404	-2.704
1	3.897	-3.306
-1	2.096	4.292
-1	0.829	4.199
-1	1.156	1.617
-1	-2.842	2.367
1	1.665	-4.678
1	1.386	-1.863
1	3.074	-3.023
-1	-2.939	-0.729
1	-0.092	-2.5
-1	1.766	-0.004
-1	-4.934	3.78
1	0.749	-3.6
1	2.935	-4.962
-1	-3.203	-0.66
-1	-2.666	2.046
-1	-2.614	4.43
-1	-2.31	3.216
-1	-0.018	3.846
-1	-3.815	-1.508
-1	1.214	2.851
-1	-1.186	3.952
-1	2.34	3.241
-1	-4.07	0.753
1	3.864	-2.81
-1	3.254	0.63
-1	2.186	-0.328
-1	-4.238	4.287
-1	1.072	3.697
1	4.325	-0.779
1	4.389	-3.34
1	2.62	-3.224
1	2.442	-4.69
1	4.992	-2.576
-1	0.509	2.529
-1	-2.731	3.075
-1	0.38	1.083
1	2.027	-2.28
-1	-0.676	-0.691
1	3.474	-1.812
1	1.499	-1.92
1	0.17	-4.962
-1	2.752	0.932
1	4.325	-4.824
-1	-4.018	3.651
1	-0.602	-4.629
-1	1.663	3.37
1	-2.853	-4.543
-1	0.032	3.491
1	4.234	-4.459
1	1.021	-3.497
-1	3.616	2.753
1	-1.062	-3.004
-1	1.826	3.263
1	1.305	-3.348
-1	2.803	4.157
-1	-0.268	4.326
-1	4.195	3.836
-1	0.258	3.52
1	4.012	-2.408
-1	-1.477	4.762
-1	-2.036	1.538
1	3.132	-3.537
-1	-1.652	-1.835
1	1.307	-2.418
-1	-4.942	-2.672
-1	-4.563	0.027
-1	1.433	-0.625
1	2.023	-1.741
1	3.99	-1.672
-1	-0.089	-1.854
-1	-2.515	0.995
-1	-2.528	3.032
-1	-0.169	-0.918
1	-2.095	-4.804
-1	1.675	1.428
-1	4.958	4.639
1	4.319	-0.557
1	2.454	-2.333
-1	-1.04	-1.239
1	-3.399	-4.63
-1	-2.559	-2.962
-1	0.397	3.875
1	1.413	-2.58
1	3.486	-3.244
-1	-2.899	-1.602
1	-0.098	-4.062
-1	0.745	2.374
-1	0.323	1.929
-1	-3.544	3.228
-1	2.125	3.131
-1	-3.992	-1.565
-1	-0.878	1.679
1	-0.77	-3.423
-1	4.346	3.19
1	-3.31	-4.053
-1	-0.087	-0.868
1	4.337	-4.69
-1	-1.993	0.751
1	4.083	-3.507
-1	2.507	2.536
-1	-3.757	-2.591
-1	-0.174	1.989
1	1.135	-4.851
-1	-1.082	2.591
-1	3.377	2.395
-1	0.723	0.738
-1	-4.17	1.197
1	-2.583	-3.587
-1	2.774	3.116
-1	0.955	4.465
1	0.415	-4.132
1	4.949	-0.247
-1	-3.821	-2.044
-1	1.856	1.614
1	-4.199	-4.285
-1	-0.85	3.397
-1	4.476	3.976
-1	-3.262	0.611
1	4.126	-2.992
-1	-1.798	-1.145
-1	4.403	0.277
-1	4.593	1.585
-1	-3.525	-2.989
-1	2.998	0.601
1	-4.873	-4.694
-1	-3.582	0.542
-1	-3.826	-3.633
1	1.647	-2.647
-1	-0.677	-1.497
1	3.967	-3.523
-1	-0.782	4.469
-1	1.226	-1.306
-1	3.446	2.964
1	4.305	-1.076
-1	4.972	3.86
-1	2.779	0.727
-1	-0.863	-1.275
1	3.664	-3.036
1	0.736	-1.985
1	2.566	-2.785
-1	-1.679	3.984
-1	-0.891	-0.505
1	-4.648	-4.243
1	-1.799	-3.973
-1	-0.74	3.52
-1	3.856	-0.169
-1	2.99	0.082
1	3.525	-2.212
-1	-1.954	-0.817
-1	1.712	4.37
-1	-1.957	-0.509
-1	-3.551	-1.468
-1	3.216	1.466
1	0.497	-4.696
1	4.481	-1.937
-1	3.871	4.154
1	3.399	-2.019
-1	-4.999	3.751
-1	-4.91	-1.798
1	1.131	-4.298
-1	3.075	-0.013
-1	0.533	1.065
1	-4.93	-4.589
-1	0.205	4.468
-1	-4.054	-3.083
-1	0.191	-1.011
-1	-2.24	-2.008
-1	-1.127	2.329
-1	4.458	4.37
-1	2.633	0.291
1	3.785	-2.143
-1	-4.203	-1.463
1	-2.81	-4.201
-1	-2.712	-2.72
-1	-4.647	-0.229
-1	4.334	3.428
1	4.759	-3.78
-1	-4.155	1.181
-1	2.983	1.05
-1	-2.999	3.929
-1	-0.681	2.192
-1	4.27	2.08
1	1.537	-1.857
1	-0.591	-2.653
-1	3.866	3.394
1	2.639	-0.997
-1	2.603	-0.212
-1	2.54	4.793
-1	0.587	1.181
-1	3.425	0.941
-1	-4.048	-0.888
-1	-4.279	2.063
1	0.332	-3.433
-1	-1.756	-1.685
-1	-1.031	0.246
-1	-2.756	3.289
1	3.79	-3.486
-1	-3.279	0.327
-1	-3.991	1.13
-1	2.675	4.875
-1	-4.124	-3.334
-1	-4.769	3.48
-1	1.454	2.771
1	-0.375	-2.958
-1	-4.696	4.403
1	-0.665	-3.743
-1	-1.485	0.056
-1	-0.328	3.847
-1	-2.025	2.917
-1	3.514	1.945
1	-1.837	-4.242
-1	-3.414	-3.047
1	3.624	-1.693
-1	2.281	4.633
1	0.789	-3.692
1	0.861	-1.983
-1	-2.026	1.092
-1	2.849	4.428
-1	-4.785	-2.525
-1	2.822	1.872
1	3.23	-2.843
1	-0.519	-3.255
-1	-1.434	4.153
-1	-4.408	1.541
-1	2.07	0.458
-1	4.838	1.585
1	1.216	-3.576
1	3.539	-3.808
-1	-3.917	-2.828
-1	2.177	1.872
1	4.832	-1.962
1	1.242	-2.194
-1	0.482	-0.909
1	3.586	-2.95
-1	-2.082	1.409
1	3.922	-3.852
-1	-0.082	4.755
-1	4.245	3.484
-1	3.908	1.189
-1	-3.622	0.979
1	-3.353	-3.784
-1	-2.436	-0.785
-1	3.993	2.455
1	0.407	-4.924
1	0.979	-2.415
-1	-1.699	0.811
-1	-3.025	0.895
-1	-0.031	-1.19
1	4.986	-1.444
-1	-2.788	4.257
-1	1.317	2.486
1	1.757	-3.765
-1	2.241	1.003
-1	1.072	1.149
-1	-2.808	2.45
1	3.48	-1.16
-1	0.018	2.397
1	3.055	-0.989
-1	-3.796	4.815
-1	-4.56	2.184
1	-2.6	-4.907
1	4.347	-4.273
-1	0.988	-0.683
-1	-0.463	0.974
1	2.873	-1.899
-1	-3.417	-0.81
-1	-4.413	3.341
-1	-3.223	2.828
-1	-4.304	-0.799
-1	-4.67	-2.112
-1	3.003	3.81
-1	-1.92	-1.978
1	-2.441	-3.864
-1	-1.615	-1.236
1	2.303	-4.823
-1	2.3	1.055
-1	-4.73	1.647
-1	1.782	1.258
-1	-4.036	2.672
-1	3.585	3.837
1	-4.227	-4.832
1	4.379	-3.639
-1	-0.139	2.509
-1	4.189	0.557
-1	-3.29	4.519
-1	3.446	1.066
-1	-0.318	2.878
-1	4.088	2.241
-1	0.366	3.825
1	2.357	-2.331
1	4.003	-0.343
-1	3.724	0.625
-1	-3.695	0.507
-1	-3.116	-2.731
1	4.531	-4.531
1	2.459	-4.696
1	1.989	-1.81
-1	-3.335	-3.149
-1	2.051	2.207
-1	2.408	3.762
-1	-1.922	-2.794
-1	-0.172	2.76
1	-4.915	-4.732
-1	-3.646	0.451
-1	0.445	3.711
1	3.121	-4.2
-1	-1.631	1.845
1	1.426	-3.974
1	3.704	-0.338
-1	-1.705	3.235
-1	0.131	2.106
1	3.54	-2.88
-1	1.649	1.557
-1	-4.677	-1.3
-1	-4.884	2.732
1	3.814	-1.805
-1	1.29	-1.358
-1	2.307	1.375
-1	-4.738	0.013
1	3.179	-2.94
-1	-4.923	1.3
-1	-2.14	-1.554
-1	4.497	0.638
-1	-4.176	-0.446
1	-4.7	-4.529
-1	-2.211	0.431
-1	2.578	2.681
1	-1.096	-4.421
-1	-4.409	-0.773
1	-0.721	-4.293
1	3.311	-1.906
-1	-4.746	-0.398
-1	-1.912	-1.086
-1	2.329	4.703
-1	0.279	0.508
-1	-3.237	0.356
1	3.16	-4.025
-1	0.154	-0.99
-1	1.614	0.978
-1	3.564	1.914
1	1.45	-3.647
1	3.698	-4.62
-1	0.387	3.954
-1	-4.041	0.978
-1	4.533	0.238
-1	-1.963	2.845
-1	-0.316	4.644
-1	3.799	2.773
-1	-1.442	1.128
-1	-1.172	3.837
-1	2.989	0.591
-1	-4.454	1.149
-1	-2.082	0.7
-1	-4.841	4.532
-1	-3.321	3.723
-1	-2.201	3.129
1	1.429	-3.503
1	3.509	-3.184
-1	1.803	0.82
-1	-0.854	1.336
-1	-3.942	2.183
-1	-4.467	-2.905
-1	1.827	4.332
-1	1.22	1.737
1	-3.187	-4.952
-1	-3.073	4.802
-1	-3.009	-2.527
-1	-2.697	-0.091
1	-0.475	-2.537
-1	-0.558	1.204
1	2.538	-1.407
1	-4.315	-4.681
-1	-3.558	0.546
-1	3.487	3.245
-1	-3.634	-2.367
-1	-0.419	3.777
-1	1.169	0.115
-1	-4.128	4.348
-1	-4.201	2.092
-1	-2.562	-2.388
-1	2.14	-0.635
-1	-2.586	4.131
1	-1.81	-3.93
-1	-4.608	2.715
1	-1.467	-3.814
-1	-4.728	2.423
1	-0.221	-4.043
-1	-0.905	1.221
1	1.504	-2.418
-1	-4.182	-0.778
-1	-3.432	-3.248
-1	-2.001	-0.911
-1	-1.781	-1.129
1	4.789	-0.982
1	2.315	-2.773
-1	-2.017	-0.545
1	-2.056	-3.251
-1	4.938	1.134
-1	-2.181	1.683
-1	-4.798	-2.296
1	2.869	-4.526
-1	-4.872	-2.351
1	2.783	-0.777
1	0.222	-4.361
-1	-1.843	-2.607
-1	-0.138	-0.275
-1	-0.855	-0.787
-1	0.166	2.364
-1	-0.563	-0.044
1	2.734	-3.248
1	2.183	-4.283
-1	-2.44	1.48
-1	-2.533	3.85
-1	3.966	0.286
-1	0.533	4.168
1	2.991	-1.597
-1	0.994	-0.529
-1	-2.596	-1.222
-1	0.046	-1.022
-1	-0.583	-0.445
-1	1.371	4.279
-1	0.633	1.868
1	-1.507	-4.201
-1	-4.416	-0.718
-1	0.755	3.319
-1	1.034	4.291
-1	0.388	3.594
-1	0.771	-0.793
1	-1.203	-3.911
-1	4.494	4.33
-1	-4.742	-1.163
1	4.085	-2.396
1	-0.34	-3.511
-1	1.382	1.058
1	-3.18	-4.2
-1	-4.387	3.191
-1	1.431	1.246
-1	-3.588	1.276
1	2.046	-3.004
-1	-4.442	4.153
1	1.667	-2.055
1	3.444	-2.944
1	2.891	-4.433
1	1.263	-3.312
1	3.009	-2.891
-1	-3.981	-0.381
-1	-2.702	1.456
-1	2.223	1.958
-1	-0.702	-1.394
-1	-1.984	1.118
-1	-4.242	4.982
-1	-4.339	-1.459
1	1.228	-2.927
-1	4.818	4.626
-1	-0.93	1.728
1	3.78	-4.263
1	4.673	-1.424
-1	4.145	2.565
-1	-4.504	0.409
-1	4.253	3.505
-1	-1.13	1.624
-1	-1.876	1.169
1	4.433	-4.653
-1	-1.873	-1.269
-1	-4.695	-2.504
1	4.849	-3.937
1	-2.522	-4.49
-1	-4.043	0.058
1	3.936	-4.225
-1	-0.315	4.358
1	2.503	-1.535
1	1.447	-1.471
-1	2.041	0.593
-1	-3.906	2.537
-1	2.354	1.699
1	-2.606	-3.776
-1	4.676	0.518
-1	-1.255	4.109
-1	-2.782	-1.775
1	4.192	-2.477
-1	0.721	4.041
1	4.939	-0.449
1	0.903	-4.104
1	4.609	-3.809
1	3.023	-0.706
-1	-4.451	-3.122
-1	-0.889	1.997
1	-3.241	-3.847
-1	-2.41	-2.147
-1	0.042	1.296
-1	0.905	-1.211
1	-1.128	-3.067
-1	4.307	2.618
-1	2.394	2.877
-1	-4.157	1.586
1	1.753	-2.084
-1	-3.021	1.692
-1	2.467	2.882
-1	-1.06	-1.572
-1	4.074	3.315
-1	2.723	0.975
1	1.545	-3.166
-1	-2.028	3.305
1	4.339	-3.086
1	2.51	-4.266
1	3.21	-1.585
-1	-0.477	3.435
1	-3.3	-4.818
-1	1.053	4.094
-1	3.06	1.896
-1	-2.968	-0.187
1	4.812	-0.989
1	2.857	-1.369
-1	-3.106	3.149
-1	2.059	2.32
1	-2.184	-3.866
-1	-1.705	4.361
1	4.321	-2.38
-1	2.666	0.012
-1	-4.114	0.177
-1	0.746	0.449
-1	-0.056	1.621
-1	-1.116	1.645
-1	-1.844	4.937
1	-2.909	-3.784
-1	-1.815	-0.876
-1	-2.619	4.349
-1	-0.513	1.59
-1	-2.02	1.381
-1	-3.909	1.391
-1	-4.947	-1.093
-1	2.526	4.701
-1	-1.732	1.847
-1	3.673	2.287
-1	3.211	4.559
1	-2.536	-4.69
-1	0.008	-1.24
-1	1.931	0.244
1	1.757	-4.913
-1	-3.467	3.849
-1	2.655	-0.282
-1	4.325	1.388
-1	-0.933	-1.188
-1	-2.022	-1.601
-1	1.546	-0.931
1	4.791	-2.049
-1	-0.672	-1.331
-1	4.004	2.597
-1	1.868	2.677
-1	-0.116	0.079
-1	-1.411	-1.3
-1	0.389	-0.051
-1	2.46	3.673
-1	-4.806	-0.782
1	0.112	-3.273
-1	4.419	4.12
-1	1.446	0.096
-1	0.508	1.865
-1	0.26	-0.161
1	1.617	-3.194
-1	0.26	1.408
-1	-3.89	4.589
1	1.429	-4.886
-1	-1.462	-1.703
-1	2.792	-0.226
1	-0.272	-3.619
1	3.474	-4.882
1	1.33	-2.714
1	0.143	-2.124
1	-2.144	-4.745
-1	-0.396	3.627
-1	0.727	2.402
-1	-4.925	-3.764
-1	-4.381	0.336
-1	-2.573	2.236
-1	-1.506	2.687
-1	-1.356	-0.396
1	2.276	-4.927
-1	-0.281	2.166
-1	4.722	3.863
-1	-3.06	-0.549
-1	1.596	1.766
-1	-4.079	4.278
-1	0.405	1.064
-1	-2.845	3.261
-1	-2.329	-1.889
-1	-1.759	3.399
-1	-4.487	-1.684
1	0.987	-3.868
-1	0.004	3.414
-1	-0.279	3.499
-1	1.101	3.365
-1	4.455	4.73
1	-0.209	-4.474
1	1.896	-4.135
-1	4.389	3.837
1	0.316	-2.663
1	0.603	-2.411
1	-3.384	-3.992
1	0.005	-4.877
-1	0.622	2.677
-1	4.586	0.215
-1	-2.572	1.451
-1	-0.117	3.415
-1	2.583	4.888
-1	1.829	3.656
-1	-0.261	4.282
-1	2.022	-0.806
-1	4.012	3.165
-1	-0.279	0.909
1	0.382	-4.538
-1	-0.254	2.051
-1	-2.2	1.701
1	4.64	-4.232
-1	-0.938	-0.354
-1	2.243	1.036
-1	3.675	1.829
1	2.603	-3.897
-1	-1.72	-2.514
-1	4.518	2.215
1	3.726	-2.301
-1	0.872	-1.535
-1	-3.019	4.246
1	2.66	-4.006
1	-1.237	-2.619
-1	-1.745	4.145
-1	-2.157	-0.647
1	1.196	-3.005
-1	-3.946	-2.811
1	-2.237	-3.532
-1	1.835	1.358
-1	-1.144	0.51
1	-1.813	-3.541
-1	-2.035	1.467
1	-1.054	-2.517
-1	-1.317	-2.328
-1	-3.466	0.907
-1	1.138	-1.485
1	0.153	-4.85
-1	-0.491	3.916
-1	3.883	2.764
-1	3.061	3.078
1	3.469	-4.39
-1	-4.926	4.524
-1	-2.201	4.189
-1	2.344	4.634
1	0.548	-3.799
-1	-3.504	3.735
-1	-2.34	-0.539
-1	-3.445	-2.042
1	-1.704	-3.41
-1	0.631	-0.17
-1	2.497	3.121
1	-0.303	-2.35
-1	-0.377	0.559
1	2.918	-1.494
1	4.675	-2.669
-1	-3.416	3.145
-1	-2.059	3.01
-1	2.669	0.74
1	2.2	-3.635
-1	-3.274	4.1
-1	-2.434	4.574
-1	2.835	0.227
-1	-4.613	0.742
-1	-0.463	-1.317
1	2.332	-4.832
-1	-0.135	-0.171
-1	-0.359	4.563
-1	-1.169	4.264
1	0.122	-3.251
1	-2.23	-3.851
1	-0.919	-4.293
-1	4.294	2.022
1	3.717	-1.685
-1	4.115	0.917
-1	-0.319	2.193
-1	0.017	2.247
-1	1.768	4.205
-1	3.826	2.155
-1	-0.053	-1.636
-1	2.191	3.632
1	4.884	-2.944
1	-1.539	-4.122
1	2.971	-1.355
-1	-4.858	4.445
-1	0.394	4.265
-1	-4.405	0.827
-1	4.972	4.889
-1	4.202	3.689
-1	-1.795	3.317
-1	-4.041	2.886
1	0.51	-2.672
-1	-3.515	3.63
-1	2.885	1.664
-1	0.786	4.185
1	1.38	-2.023
-1	2.817	1.264
-1	-3.615	2.63
-1	2.142	0.709
-1	-3.725	-1.363
1	0.154	-1.978
-1	-2.098	-2.899
-1	3.849	4.226
-1	-3.009	3.051
1	-0.733	-3.452
-1	-2.28	0.226
-1	0.786	-0.417
-1	-1.093	2.271
1	-1.787	-3.208
-1	-4.713	0.351
-1	2.329	1.667
-1	-0.32	0.146
-1	-2.068	1.066
-1	-2.223	1.426
1	3.127	-4.596
-1	-4.937	-1.719
-1	-1.574	4.317
-1	-3.265	3.628
1	3.543	-4.922
-1	-1.969	-2.189
-1	-3.374	-2.896
-1	-0.611	2.412
-1	1.687	3.296
-1	-3.965	1.252
-1	1.441	2.675
-1	-3.396	-1.23
-1	-0.658	1.284
-1	3.917	2.274
-1	3.702	3.046
-1	-4.947	1.829
1	3.45	-4.884
-1	1.463	3.229
-1	0.786	3.198
-1	1.857	-0.671
-1	3.276	4.888
-1	2.14	1.254
1	-3.008	-3.47
-1	-4.982	0.031
-1	1.178	2.405
-1	-3.716	-2.381
-1	0.08	4.24
-1	-2.258	4.423
-1	-3.124	-3.341
-1	-1.951	1.931
1	1.057	-1.898
1	-1.24	-4.141
-1	4.571	1.575
-1	4.088	0.357
-1	-0.227	0.945
-1	1.038	4.401
-1	-2.814	4.531
1	0.655	-4.47
-1	2.413	0.673
-1	0.562	-1.409
-1	-1.921	-1.802
-1	-2.437	3.159
-1	3.79	0.305
1	2.582	-4.334
-1	-1.684	1.984
-1	2.597	4.373
-1	-4.914	2.71
-1	1.584	1.009
-1	-0.715	0.673
-1	2.718	0.411
1	2.97	-1.243
-1	-0.188	1.508
1	-1.712	-4.532
1	2.039	-4.299
-1	-2.507	3.953
-1	-4.356	-3.076
-1	-2.849	4.559
-1	-4.916	2.293
-1	-0.136	-0.982
-1	2.959	-0.468
-1	-3.998	-3.091
-1	-4.743	2.441
-1	4.619	1.842
1	4.802	-4.744
-1	-2.485	2.521
-1	0.667	1.837
-1	2.63	1.832
1	-1.654	-4.082
1	-1.348	-4.615
-1	2.971	1.145
-1	0.69	-0.033
-1	3.07	2.841
-1	-0.473	-0.494
-1	-3.514	0.743
-1	-0.124	4.445
-1	-4.724	0.879
-1	2.706	1.885
1	4.672	-1.323
-1	-1.273	4.474
-1	-4.714	-2.406
-1	-1.653	0.953
1	4.432	-4.023
-1	4.137	4.13
1	3.247	-2.211
1	4.515	-2.43
-1	0.287	0.205
-1	2.538	4.709
-1	4.398	3.417
1	-0.785	-4.116
-1	-4.488	4.091
-1	1.681	2.14
1	-3.678	-4.26
-1	-0.974	2.346
-1	-0.583	-0.895
1	1.821	-3.945
1	1.7	-4.832
1	2.009	-2.516
1	2.498	-2.502
-1	-3.386	0.745
-1	0.288	2.481
-1	3.316	1.927
1	4.038	-2.794
-1	1.636	-0.212
-1	1.975	2.203
-1	-2.976	2.487
-1	-2.354	0.057
-1	-0.372	-1.031
-1	0.797	3.654
-1	2.667	1.567
1	4.111	-0.512
-1	2.622	0.811
1	-3.991	-4.017
-1	-0.353	3.507
-1	-1.518	-2.387
-1	-4.396	0.122
-1	-4.906	3.92
-1	3.401	0.484
-1	2.478	0.037
-1	-4.728	-0.547
1	3.592	-2.704
1	-3.059	-3.762
1	2.354	-2.079
-1	-3.441	-1.849
-1	2.927	4.227
-1	1.07	2.038
-1	-4.933	-1.307
-1	4.202	2.428
-1	-3.972	-1.151
-1	0.935	-0.49
-1	-2.185	-2.108
1	0.984	-2.091
1	3.164	-0.615
-1	-0.254	0.643
-1	0.774	0.018
-1	1.448	-0.634
-1	2.315	-0.259
1	-3.043	-3.979
-1	2.662	4.868
-1	-4.476	-3.059
-1	4.095	1.595
-1	3.98	0.515
-1	1.64	3.182
-1	-2.057	2.668
-1	3.383	0.231
1	3.531	-3.802
1	3.123	-4.133
-1	-4.54	-2.361
-1	0.253	0.206
1	3.282	-3.973
-1	-4.776	-0.269
-1	-3.254	-1.109
-1	0.824	-1.297
-1	-3.736	-1.513
1	4.923	-3.211
-1	0.428	0.371
1	-0.264	-4.24
-1	-4.114	-3.624
1	3.942	-4.819
-1	0.396	-1.322
1	-3.236	-4.721
-1	-0.124	1.239
-1	-3.853	0.336
1	3.879	-2.248
-1	1.894	2.161
-1	-4.869	2.119
1	3.244	-3.123
-1	2.362	-0.931
-1	-3.068	3.627
1	-1.092	-3.144
-1	1.768	0.688
1	2.227	-3.496
-1	1.449	-0.535
1	4.232	-3.257
1	-0.354	-4.02
-1	-3.227	1.411
-1	-3.74	1.65
-1	-2.35	3.759
1	3.338	-3.471
-1	-3.489	0.233
-1	0.043	2.994
-1	3.704	4.639
1	1.224	-2.582
-1	-4.94	3.156
1	2.397	-1.032
-1	1.364	-0.835
-1	1.009	4.943
1	0.669	-2.542
-1	-4.24	-0.099
-1	-4.447	-3.241
-1	-2.766	-2.673
-1	-0.478	4.846
-1	0.329	-1.476
1	3.605	-4.981
-1	0.054	1.468
-1	-3.396	1.449
-1	-0.538	1.66
1	-2.56	-4.314
1	4.079	-2.499
-1	0.195	1.476
-1	1.469	2.911
-1	-4.358	3.83
-1	-0.793	-2.337
-1	2.64	-0.033
-1	-1.083	3.194
-1	-1.922	1.151
-1	1.873	2.6
1	0.997	-2.798
-1	-3.875	-0.398
1	3.573	-2.469
1	2.422	-4.822
-1	3.98	3.236
1	1.838	-3.58
-1	3.923	0.917
1	-1.079	-4.53
-1	3.746	1.743
-1	-0.267	0.74
-1	-3.075	3.94
-1	3.403	4.566
-1	-4.74	-2.68
-1	-0.888	-1.662
1	-0.177	-4.015
1	-4.061	-4.18
-1	4.539	3.416
-1	-3.226	3.112
-1	-4.053	4.196
-1	3.29	4.927
1	-1.215	-3.519
-1	2.699	4.06
-1	-1.25	2.973
1	4.53	-2.504
1	-3.932	-4.385
1	3.236	-2.007
1	4.556	-2.008
-1	3.911	1.168
-1	-3.336	-1.977
-1	0.858	1.488
-1	-0.992	-1.851
-1	2.308	4.899
-1	-3.435	0.435
1	-0.636	-2.488
-1	-4.017	-2.346
-1	3.791	-0.232
-1	-4.513	-2.157
-1	-1.172	-0.762
-1	-4.184	4.71
-1	1.734	3.236
-1	-4.674	-3.677
-1	2.581	1.234
-1	-0.685	1.493
-1	-2.598	0.979
-1	4.516	3.26
-1	-2.533	4.877
-1	2.762	1.128
-1	4.776	4.327
-1	-3.437	-0.86
-1	-3.16	3.898
1	-1.853	-4.369
-1	-1.333	-1.366
-1	-1.526	2.495
1	-0.776	-4.358
1	-1.442	-4.041
-1	0.23	-1.116
1	3.634	-2.188
-1	-4.882	-2.051
-1	0.657	3.872
-1	0.28	0.173
-1	-1.516	-0.9
1	-3.598	-3.754
-1	1.58	2.531
-1	-4.426	-0.505
-1	3.023	3.766
-1	-1.607	2.522
-1	4.397	2.06
-1	-3.843	4.224
-1	-4.092	0.381
-1	1.218	-0.534
1	-2.308	-3.551
1	-0.298	-3.674
-1	-4.387	-3.828
-1	-4.373	1.27
-1	-4.956	-2.74
1	2.795	-1.472
-1	1.36	0.55
-1	-3.873	-2.06
-1	-1.919	3.053
1	-1.213	-3.896
-1	1.819	2.18
1	3.627	-2.432
-1	-4.407	1.136
-1	3.144	2.853
-1	2.869	-0.637
-1	3.671	1.914
-1	-2.836	-1.627
-1	-0.408	4.129
-1	-0.455	0.22
1	-3.249	-4.059
-1	2.48	0.898
1	-4.179	-4.808
-1	-3.552	-3.052
1	4.484	-0.471
-1	-4.999	-1.729
-1	-3.014	-1.828
-1	1.803	1.965
-1	0.741	2.396
1	4.453	-1.115
-1	0.249	-1.326
1	-0.4	-4.728
-1	-4.412	1.764
-1	-1.355	0.181
-1	0.893	-0.458
-1	1.753	-1.004
1	0.483	-4.415
1	4.895	-2.343
-1	-4.223	-3.657
1	-0.395	-4.739
1	-2.775	-4.041
1	4.884	-4.437
-1	-0.869	1.687
-1	2.528	1.224
-1	-4.564	-1.667
-1	-4.89	-2.963
-1	2.007	-0.29
-1	-2.69	2.596
1	2.827	-2.693
1	4.129	-4.928
-1	-1.798	-2.766
-1	-0.931	0.037
-1	-2.181	-1.036
-1	2.694	4.948
-1	0.307	3.652
-1	1.561	2.532
-1	4.611	1.445
1	3.095	-4.906
1	4.484	-3.025
-1	1.319	4.92
-1	0.308	1.429
-1	-3.042	3.668
1	2.491	-4.38
-1	1.264	0.318
1	-2.073	-3.255
-1	0.391	1.129
-1	-1.021	0.812
-1	-3.833	-1.85
-1	4.776	3.861
-1	-1.902	0.083
-1	-1.135	4.659
1	3.968	-1.524
1	1.104	-1.585
1	4.923	-3.06
-1	-3.257	1.242
-1	-3.139	-1.597
1	4.023	-1.181
-1	-2.929	-2.134
-1	-0.561	-0.313
1	3.185	-1.282
-1	1.432	4.928
-1	4.848	1.763
-1	0.74	2.367
1	4.913	-3.132
-1	-2.42	4.363
-1	-1.697	1.446
1	4.022	-2.729
1	1.274	-3.522
-1	-2.961	1.197
-1	-1.581	-1.218
1	-2.561	-3.368
-1	-1.463	2.814
-1	0.451	0.609
-1	-4.319	1.242
-1	-4.704	0.218
1	1.312	-1.919
-1	-3.502	-2.488
1	4.844	-1.41
-1	4.879	1.11
-1	0.458	3.812
-1	-3.175	0.113
1	-3.39	-4.152
-1	2.385	2.884
-1	3.678	0.776
-1	-0.918	3.449
1	0.91	-2.127
-1	-4.919	4.447
1	2.04	-3.116
-1	0.056	-0.927
-1	-0.522	0.353
1	4.291	-4.209
-1	-0.214	2.141
1	-1.697	-4.018
-1	-4.269	4.535
-1	-1.556	-2.459
-1	3.347	0.27
-1	2.654	4.957
1	-2.53	-3.609
1	-0.807	-3.852
-1	-1.481	3.275
-1	4.598	4.429
-1	2.501	4.679
1	3.877	-4.107
1	2.916	-4.715
1	-0.034	-2.606
-1	-3.01	-0.743
-1	-1.815	1.776
-1	2.75	1.489
-1	2.759	-0.167
1	-2.624	-3.797
1	-1.274	-4.277
-1	1.473	2.732
-1	2.032	3.943
1	4.124	-3.775
1	1.444	-2.357
1	0.853	-2.606
-1	3.425	4.706
1	3.425	-1.346
-1	-4.401	1.341
-1	-1.061	0.565
-1	3.736	0.93
1	1.174	-3.079
1	4.058	-1.076
-1	-0.238	-1.831
-1	0.109	2.138
-1	-0.627	3.835
-1	-0.787	2.198
1	1.567	-3.755
-1	-2.506	-2.957
-1	3.823	0.29
1	-0.313	-3.972
-1	2.684	4.464
-1	-4.266	1.109
-1	-1.882	2.685
-1	-2.549	2.057
1	4.602	-3.813
-1	4.339	0.776
-1	4.46	3.398
-1	1.052	-0.777
1	2.919	-3.839
-1	-3.639	-2.708
-1	1.348	0.575
1	0.843	-2.085
-1	-1.828	-0.311
1	4.375	-0.985
1	-4.85	-4.65
1	3.995	-2.859
1	4.79	-3.81
1	2.662	-2.79
1	3.718	-1.61
1	4.851	-2.299
1	4.112	-1.002
1	-4.38	-4.599
1	3.894	-4.118
1	-4.195	-4.697
1	1.549	-1.964
1	2.803	-3.791
1	-0.419	-2.617
1	-2.707	-4.648
1	2.586	-4.309
1	2.843	-0.864
1	-1.273	-4.133
1	0.852	-3.766
1	-4.71	-4.486
1	-1.456	-2.846
1	-0.318	-4.509
1	2.694	-1.058
1	-1.147	-3.035
1	0.362	-3.725
1	2.769	-3.783
1	3.125	-0.754
1	1.88	-1.799
1	-2.839	-4.153
1	0.046	-4.734
1	2.956	-3.348
1	-0.331	-4.511
1	-3.664	-4.591
1	-0.918	-3.332
1	4.988	-2.964
1	0.238	-3.867
1	-0.019	-2.074
1	4.09	-2.934
1	3.293	-1.052
1	1.965	-4.469
1	3.796	-0.543
1	1.931	-3.24
1	1.153	-1.97
1	2.203	-1.761
1	1.442	-3.339
1	-1.802	-3.333
1	0.233	-4.749
1	-0.214	-2.926
1	-0.674	-2.754
1	-1.534	-4.229
1	3.867	-0.406
1	1.029	-3.297
1	2.313	-2.511
1	4.051	-4.115
1	-0.851	-4.8
1	-0.681	-2.659
1	2.099	-3.131
1	1.354	-4.149
1	-4.154	-4.496
1	1.813	-1.927
1	0.503	-2.498
1	2.112	-3.124
1	4.68	-4.015
1	-0.303	-2.614
1	3.189	-3.105
1	3.618	-3.196
1	-4.968	-4.298
1	3.215	-2.675
1	-3.84	-4.694
1	1.396	-2.518
1	2.046	-3.257
1	-0.19	-2.961
1	1.6	-4.756
1	4.4	-2.745
1	-0.05	-4.317
1	2.703	-1.178
1	-0.314	-4.772
1	3.912	-3.079
1	4.771	-4.102
1	-3.774	-3.843
1	-1.385	-4.995
1	4.833	-4.402
1	-1.184	-3.686
1	3.099	-0.951
1	4.498	-3.245
1	1.144	-1.675
1	3.215	-3.327
1	0.938	-3.293
1	3.551	-0.976
1	-3.942	-4.67
1	3.523	-0.509
1	4.573	-4.397
1	-2.819	-3.884
1	0.14	-4
1	-1.504	-4.84
1	-0.741	-4.698
1	3.163	-3.006
1	0.52	-2.28
1	1.936	-1.432
1	4.64	-2.124
1	3.967	-3.533
1	-1.539	-2.959
1	2.49	-4.803
1	3.146	-3.199
1	3.16	-1.74
1	4.495	-0.56
1	1.017	-3.4
1	2.536	-2.756
1	-3.923	-3.924
1	1.144	-3.097
1	2.645	-3.12
1	3.181	-2.513
1	1.021	-3.063
1	-1.522	-3.441
1	2.741	-3.877
1	0.18	-4.744
1	4.935	0.096
1	2.054	-1.18
1	-2.999	-3.912
1	0.316	-3.207
1	4.803	-4.541
1	-3.855	-4.191
1	2.361	-4.022
1	4.339	-1.865
1	-0.697	-3.44
1	2.833	-3.407
1	-1.213	-2.903
1	3.628	-4.877
1	4.589	-0.513
1	0.576	-4.116
1	-2.024	-3.658
1	4.377	-2.02
1	3.566	-1.462
1	0.567	-3.364
1	1.168	-4.02
1	4.195	-3.525
1	2.463	-3.819
1	0.01	-4.714
1	-2.211	-4.534
1	-4.436	-4.747
1	4.518	-4.452
1	1.577	-3.522
1	-0.243	-4.655
1	-3.983	-4.608
1	-1.404	-4.741
1	-4.432	-4.106
1	3.515	-0.464
1	2.918	-4.39
1	-0.981	-3.767
1	2.997	-1.649
1	2.888	-1.096
1	-1.798	-4.115
1	1.685	-4.564
1	0.246	-2.061
1	1.843	-4.452
1	-3.566	-4.501
1	0.507	-3.366
1	-3.5	-4.265
1	0.995	-2.026
1	1.127	-4.529
1	3.725	-1.714
1	-2.178	-4.951
1	3.469	-1.728
1	4.22	-3.011
1	2.699	-3.68
1	1.155	-4.708
1	4.868	-1.767
1	-1.893	-3.265
1	2.551	-2.912
1	4.715	-3.736
1	2.472	-3.075
1	-0.379	-2.604
1	2.784	-3.098
1	-1.914	-4.941
1	2.976	-1.505
1	2.638	-2.269
1	4.796	-0.524
1	1.075	-2.571
1	-2.624	-4.473
1	2.086	-3.853
1	2.786	-4.299
1	2.914	-1.479
1	0.504	-4.121
1	3.186	-4.73
1	-0.439	-3.364
1	3.107	-4.721
1	1.018	-3.872
1	4.172	-1.224
1	-0.953	-4.166
1	3.202	-4.973
1	-0.372	-3.088
1	4.002	-1.93
1	1.847	-1.696
1	1.633	-2.296
1	4.183	-0.692
1	2.874	-1.727
1	1.343	-2.308
1	0.997	-1.712
1	1.788	-2.16
1	3.506	-3.888
1	2.941	-4.452
1	3.415	-4.081
1	1.877	-3.29
1	-4.068	-4.028
1	2.873	-0.993
1	0.398	-1.933
1	4.345	-3.649
1	3.374	-4.829
1	-0.107	-4.839
1	2.574	-1.951
1	2.808	-4.203
1	0.366	-2.303
1	3.678	-3.808
1	-1.271	-4.026
1	0.379	-1.898
1	-4.408	-4.438
1	4.08	-2.6
1	-0.654	-2.852
1	0.251	-2.369
1	4.373	-2.805
1	3.214	-3.258
1	2.93	-1.961
1	2.356	-2.724
1	-3.415	-4.141
1	4.238	-0.82
1	-4.326	-4.143
1	3.516	-4.731
1	0.855	-3.315
1	4.861	-0.897
1	2.731	-1.968
1	4.933	-3.574
1	1.486	-2.637
1	1.913	-1.4
1	1.158	-3.251
1	-4.249	-4.541
1	1.4	-2.555
1	1.78	-4.915
1	1.858	-3.133
1	-3.18	-4.877
1	2.624	-2.287
1	-0.216	-3.565
1	-1.083	-3.059
1	-0.033	-2.077
1	-0.642	-3.86
1	-2.556	-4.078
1	3.612	-3.407
1	2.893	-4.456
1	-4.226	-4.225
1	0.445	-1.916
1	4.38	-3.371
1	3.311	-3.763
1	2.554	-4.294
1	4.908	-2.955
1	1.712	-4.827
1	3.989	-4.535
1	-2.492	-3.286
1	4.839	-0.137
1	-1.145	-3.177
1	3.257	-3.538
1	3.977	-0.859
1	-2.5	-3.68
1	3.38	-2.661
1	2.025	-2.504
1	-2.209	-3.555
1	2.072	-2.834
1	1.307	-2.914
1	4.758	-1.2
1	-1.15	-2.706
1	3.674	-3.338
1	1.747	-4.007
1	0.895	-2.17
1	-1.37	-4.854
1	3.566	-4.583
1	4.63	-1.128
1	-3.31	-3.827
1	2.764	-2.404
1	0.668	-2.751
1	0.901	-2.676
1	2.942	-2.511
1	0.638	-4.896
1	-3.127	-4.346
1	0.299	-4.743
1	4.815	-4.929
1	-2.261	-3.194
1	4.473	-0.846
1	-1.797	-4.269
1	4.239	-4.502
1	3.091	-3.353
1	-3.213	-4.492
1	-3.32	-4.725
1	1.967	-3.633
1	1.051	-4.712
1	0.092	-4.302
1	-3.794	-4.731
1	2.198	-2.348
1	-2.516	-3.647
1	2.66	-3.828
1	1.523	-4.021
1	-0.915	-4.846
1	3.761	-2.941
1	3.99	-1.044
1	3.049	-3.082
1	0.35	-4.45
1	-3.021	-4.794
1	2.882	-4.13
1	0.788	-2.207
1	3.146	-4.837
1	0.187	-2.915
1	-2.108	-3.248
1	4.617	-1.66
1	2.928	-3.981
1	4.841	-4.612
1	-2.768	-4.09
1	-0.569	-3.93
1	2.034	-1.325
1	4.174	-0.281
1	2.582	-3.514
1	1.13	-2.896
1	3.752	-3.924
1	2.881	-2.37
1	1.467	-4.188
1	4.774	-0.951
1	2.6	-1.522
1	2.342	-3.262
1	2.843	-0.905
1	3.984	-3.734
1	3.918	-4.557
1	2.44	-4.207
1	3.411	-4.635
1	4.184	-3.206
1	1.728	-3.908
1	3.873	-4.06
1	0.566	-4.776
1	-4.243	-4.771
1	4.78	-0.179
1	2.034	-2.405
1	-2.177	-3.341
1	-4.174	-4.059
1	2.71	-3.213
1	1.763	-4.939
1	1.802	-4.823
1	-0.925	-3.216
1	1.829	-3.588
1	2.652	-3.987
1	1.758	-2.941
1	-1.056	-4.358
1	0.203	-4.502
1	4.833	-2.649
1	1.146	-4.181
1	1.479	-4.133
1	-3.513	-4.878
1	-2.325	-3.296
1	2.459	-4.746
1	1.699	-4.125
1	2.997	-2.182
1	0.123	-3.815
1	0.79	-4.826
1	2.147	-1.751
1	4.225	-3.185
1	-1.18	-4.253
1	3.038	-2.876
1	-0.058	-4.181
1	-4.007	-4.281
1	-4.321	-4.982
1	1.533	-3.092
1	4.808	-0.691
1	0.675	-4.199
1	-0.074	-2.94
1	-2.051	-3.703
1	0.19	-4.906
1	-4.721	-4.135
1	2.247	-3.34
1	4.578	-2.827
1	-1.28	-3.043
1	4.782	-2.949
1	2.222	-2.996
1	-1.763	-3.57
1	-4.234	-4.247
1	4.784	-4.705
1	1.801	-4.936
1	2.512	-4.6
1	-2.426	-3.204
1	-1.763	-4.102
1	4.405	-0.243
1	1.486	-1.501
1	2.731	-1.325
1	-2.573	-4.979
1	1.126	-4.695
1	4.919	-1.78
1	-1.745	-2.791
1	2.339	-4.492
1	4.174	-2.209
1	-1.345	-3.839
1	4.142	-0.384
1	4.644	-3.669
1	3.955	-2.878
1	2.265	-3.573
1	4.865	-0.018
1	2.998	-0.977
1	3.415	-1.485
1	2.18	-2.929
1	-0.324	-2.325
1	-1.961	-4.327
1	-0.994	-3.006
1	4.949	-4.228
1	1.685	-2.407
1	4.42	-1.135
1	-3.984	-4.552
1	-2.108	-4.593
1	3.754	-4.731
1	4.438	-3.027
1	-3.827	-4.826
1	4.938	-3.297
1	-4.458	-4.817
1	3.508	-2.969
1	3.604	-4.358
1	0.07	-2.468
1	4.16	-4.609
1	-4.633	-4.551
1	-0.975	-3.861
1	3.996	-4.004
1	1.781	-3.739
1	3.021	-2.707
1	-2.417	-4.692
1	1.637	-4.657
1	1.388	-3.928
1	0.055	-4.395
1	0.584	-4.88
1	-1.439	-3.861
1	1.001	-4.765
1	-1.589	-3.95
1	-0.251	-3.511
1	-2.372	-3.355
1	-1.348	-4.872
1	-1.677	-3.49
1	4.087	-3.02
1	2.915	-4.949
1	1.82	-3.691
1	-0.369	-4.247
1	1.358	-4.05
1	-0.124	-4.99
1	2.519	-4.174
1	-1.552	-3.228
1	1.615	-4.5
1	0.664	-3.645
1	4.528	-0.092
1	-0.036	-2.787
1	4.004	-3.495
1	-1.062	-3.18
1	4.527	-2.823
1	-2.565	-4.914
1	4.287	-1.249
1	3.516	-2.364
1	-4.248	-4.004
1	3.854	-4.999
1	0.12	-2.208
1	3.173	-4.016
1	3.012	-3.492
1	0.623	-4.553
1	-3.406	-3.738
1	3.875	-4.96
1	4.437	-0.929
1	3.378	-3.214
1	-0.596	-4.013
1	1.697	-4.733
1	-2.638	-3.276
1	3.605	-3.199
1	4.893	-2.861
1	1.196	-3.02
1	1.211	-2.066
1	-1.032	-2.81
1	-0.803	-4.273
1	-1.303	-4.496
1	0.533	-4.571
1	-1.036	-2.893
1	4.036	-0.821
1	-2.489	-3.498
1	3.155	-2.254
1	3.99	-1.612
1	0.202	-3.489
1	-4.084	-4.032
1	1.025	-3.414
1	1.593	-4.772
1	4.216	-4.48
1	-1.03	-3.156
1	1.668	-1.697
1	-1.794	-3.743
1	4.03	-3.174
1	3.657	-4.995
1	1.222	-2.644
1	-0.93	-3.33
1	0.896	-4.17
1	-2.271	-3.034
1	4.078	-2.271
1	0.957	-1.803
1	-2.217	-3.538
1	2.346	-1.848
1	3.194	-4.066
1	1.703	-2.863
1	4.951	-2.552
1	-1.282	-2.839
1	1.915	-1.947
1	-3.237	-3.539
1	-1.012	-4.977
1	3.649	-3.849
1	4.808	-4.8
1	1.852	-4.839
1	1.452	-3.333
1	2.411	-4.83
1	-4.82	-4.483
1	-2.967	-4.901
1	1.917	-2.246
1	3.702	-4.878
1	2.195	-1.659
1	3.121	-4.234
1	4.146	-1.918
1	2.852	-3.82
1	2.928	-3.64
1	3.693	-3.952
1	0.812	-1.886
1	4.561	-0.041
1	-1.696	-3.808
1	-4.199	-4.708
1	0.436	-2.195
1	-2.729	-3.954
1	3.221	-3.986
1	-3.688	-4.061
1	3.57	-2.95
1	2.115	-2.394
1	3.897	-2.433
1	2.532	-3.486
1	1.243	-4.517
1	-0.865	-2.902
1	0.391	-2.968
1	-2.365	-3.314
1	-4.258	-3.926
1	3.402	-2.656
1	4.179	-4.896
1	1.731	-3.764
1	2.711	-4.134
1	-1.562	-4.58
1	-0.223	-2.575
1	-2.894	-3.599
1	3.528	-2.25
1	-3.239	-4.365
1	-2.823	-3.845
1	2.718	-3.137
1	1.208	-2.476
1	4.297	-3.282
1	3.423	-2.618
1	-3.202	-3.561
1	3.426	-3.909
1	1.256	-4.992
1	-1.688	-3.849
1	2.886	-2.964
1	3.119	-4.421
1	1.165	-2.584
1	3.59	-3.931
1	-0.136	-3.948
1	0.221	-4.983
1	3	-3.622
1	3.8	-2.221
1	4.013	-1.336
1	4.224	-2.707
1	3.028	-1.847
1	-2.826	-4.501
1	-1.719	-4.54
1	-1.499	-4.426
1	0.269	-3.924
1	2.209	-4.235
1	-2.393	-4.509
1	2.577	-2.54
1	2.616	-3.657
1	-2.677	-3.862
1	3.566	-2.116
1	-3.553	-4.669
1	-3.167	-4.332
1	-1.112	-4.208
1	1.532	-1.532
1	-2.166	-3.082
1	4.408	-4.107
1	-4.87	-4.45
1	3.392	-1.446
1	0.218	-3.895
1	-4.979	-4.708
1	0.312	-2.938
1	3.956	-0.248
1	1.547	-2.755
1	1.594	-1.613
1	0.709	-4.491
1	3.423	-1.753
1	0.271	-2.82
1	3.545	-3.49
1	2.084	-4.344
1	3.411	-1.112
1	-1.639	-4.984
1	-3.54	-4.611
1	1.266	-2.289
1	-1.557	-3.266
1	1.053	-3.986
1	3.046	-2.2
1	4.885	-1.692
1	0.858	-4.701
1	-0.478	-2.876
1	0.331	-3.096
1	-3.137	-4.816
1	-0.276	-3.425
1	-0.453	-4.493
1	-2.89	-3.486
1	4.292	-1.785
1	2.011	-4.828
1	4.353	-4.296
1	4.866	-2.395
1	-2.488	-4.908
1	-3.154	-3.587
1	1.794	-1.735
1	0.584	-1.966
1	3.652	-1.881
1	2.668	-1.432
1	4.414	-4.286
1	1.865	-1.52
1	3.851	-3.659
1	1.244	-1.976
1	2.875	-3.666
1	3.676	-3.363
1	-1.565	-4.603
1	3.388	-2.497
1	-0.278	-3.474
1	1.141	-2.015
1	0.32	-3.878
1	3.555	-0.646
1	-3.096	-4.202
1	4.957	-0.587
1	-1.56	-3.501
1	0.135	-4.847
1	1.044	-3.143
1	-4.097	-4.201
1	3.273	-1.671
1	4.628	-3.474
1	3.98	-0.533
1	3.88	-3.71
1	3.424	-3.387
1	3.761	-4.191
1	-0.968	-3.921
1	2.132	-3.016
1	4.565	-0.22
1	4.965	-4.442
1	3.509	-2.492
1	-1.299	-3.345
1	1.2	-1.991
1	-1.098	-3.357
1	-0.437	-2.259
1	0.167	-2.994
1	-4.396	-4.749
1	3.116	-3.491
1	1.3	-4.858
1	2.166	-1.892
1	-0.932	-4.197
1	3.335	-4.101
1	2.927	-4.05
1	-0.165	-3.116
1	4.986	-0.81
1	-0.533	-2.637
1	-2.255	-3.545
1	4.385	-3.614
1	4.686	-0.734
1	1.049	-4.771
1	3.226	-4.959
1	-2.25	-3.911
1	1.579	-4.837
1	-0.969	-3.901
1	4.099	-1.397
1	-1.211	-3.5
1	2.015	-2.688
1	0.799	-4.966
1	2.773	-1.855
1	-2.396	-3.859
1	2.972	-4.024
1	2.524	-2.557
1	4.759	-3.881
1	1.952	-3.921
1	2.05	-3.817
1	-2.096	-3.566
1	2.737	-3.842
1	0.611	-4.987
1	1.415	-2.042
1	1.473	-4.036
1	2.577	-1.574
1	0.535	-3.87
1	0.331	-4.737
1	-0.657	-3.082
1	1.729	-2.261
1	4.506	-4.384
1	-2.082	-3.262
1	4.641	-2.729
1	-0.803	-3.103
1	-1.361	-3.839
1	3.82	-2.66
1	-3.791	-4.519
1	2.304	-2.986
1	2.243	-2.511
1	2.596	-4.149
1	3.623	-3.682
1	4.827	-4.852
1	2.678	-3.904
1	4.193	-1.964
1	2.287	-4.5
1	1.548	-2.585
1	4.758	-4.925
1	0.756	-1.945
1	4.325	-3.819
1	1.057	-1.694
1	4.393	-3.303
1	2.306	-2.087
1	4.636	-4.678
1	-4.265	-4.497
1	-0.643	-4.498
1	4.336	-0.894
1	2.392	-1.307
1	4.943	-0.666
1	-1.569	-4.403
1	0.126	-3.295
1	1.865	-2.316
1	-1.354	-2.661
1	3.634	-3.962
1	-1.598	-4.477
1	-0.335	-4.881
1	4.585	-3.47
1	-2.196	-4.558
1	1.157	-2.596
1	-1.544	-4.521
1	3.901	-4.065
1	3.569	-1.864
1	2.95	-4.671
1	1.991	-1.421
1	-0.942	-3.249
1	2.578	-3.736
1	3.57	-1.252
1	-3.148	-3.842
1	4.182	-0.161
1	4.01	-3.061
1	-0.236	-2.934
1	1.287	-3.921
1	-0.296	-3.718
1	-2.439	-3.384
1	4.373	-0.081
1	4	-4.263
1	0.986	-2.148
1	-0.67	-3.78
1	0.857	-4.898
1	0.021	-3.015
1	3.3	-4.002
1	3.378	-1.513
1	-0.105	-4.284
1	-3.753	-4.75
1	-0.089	-2.491
1	4.237	-0.734
1	-0.692	-3.072
1	0.325	-2.758
1	3.612	-2.85
1	0.661	-3.096
1	-3.33	-4.689
1	3.719	-3.632
1	-2.043	-4.699
1	-0.964	-3.55
1	3.224	-1.035
1	1.046	-2.991
1	-2.272	-4.202
1	1.79	-4.483
1	0.891	-4.585
1	2.277	-2.25
1	-4.202	-4.067
1	3.638	-2.456
1	3.468	-4.786
1	2.075	-4.192
1	-0.733	-4.372
1	-1.334	-3.942
1	2.497	-1.467
1	-1.335	-4.179
1	-0.226	-3.636
1	3.919	-3.151
1	3.525	-0.88
1	0.154	-2.658
1	4.911	-4.985
1	0.809	-4.076
1	2.084	-2.464
1	0.484	-3.21
1	2.176	-4.074
1	4.929	-4.873
1	3.998	-3.717
1	-3.598	-3.841
1	-4.953	-4.605
1	-1.515	-3.182
1	3.232	-3.656
1	4.975	0.069
1	-3.548	-4.81
1	2.699	-3.619
1	1.669	-1.951
1	4.017	-0.577
1	2.886	-0.916
1	1.468	-2.787
1	3.756	-1.606
1	0.654	-3.223
1	1.444	-3.977
1	1.201	-4.348
1	-1.691	-4.323
1	4.666	-1.579
1	-0.375	-2.538
1	-0.556	-4.174
1	1.289	-4.274
1	-1.606	-4.722
1	0.515	-4.677
1	4.751	-2.388
1	0.641	-3.59
1	-3.295	-3.602
1	3.502	-3.691
1	-0.909	-3.104
1	-0.87	-3.138
1	-3.733	-3.75
1	1.45	-2.229
1	1.157	-1.873
1	0.872	-4.751
1	4.856	-1.405
1	3.376	-1.023
1	2.125	-3.859
1	4.548	-3.183
1	1.933	-2.837
1	4.705	-4.168
1	1.041	-2.118
1	3.614	-4.015
1	1.003	-4.079
1	2.305	-2.064
1	2.656	-1.074
1	-2.356	-4.016
1	1.746	-2.651
1	3.174	-2.734
1	-0.732	-2.819
1	4.429	-2.395
1	0.089	-3.178
1	0.487	-4.944
1	2.329	-2.183
1	-4.86	-4.602
1	-1.156	-4.619
1	3.914	-4.818
1	-1.896	-3.611
1	-4.667	-4.765
1	-1.528	-3.086
1	2.431	-3.794
1	1.847	-2.683
1	-3.328	-3.717
1	-3.031	-4.972
1	1.545	-2.619
1	4.277	-4.224
1	2.561	-3.471
1	-0.888	-3.055
1	3.182	-2.321
1	1.909	-2.146
1	3.203	-2.788
1	1.4	-2.238
1	3.747	-1.517
1	3.589	-2.678
1	-2.972	-4.924
1	0.642	-4.79
1	2.818	-3.551
1	-1.339	-3.429
1	3.889	-2.28
1	-1.22	-4.626
1	-3.048	-4.819
1	-1.864	-4.3
1	-0.336	-2.654
1	3.023	-1.68
1	2.637	-3.944
1	-4.077	-4.084
1	1.691	-3.257
1	4.051	-1.109
1	2.934	-1.39
1	1.348	-2.378
1	-1.856	-4.663
1	1.149	-3.256
1	0.573	-4.605
1	2.164	-1.589
1	0.016	-3.409
1	2.355	-3.877
1	-4.607	-4.871
1	3.904	-1.245
1	3.073	-4.161
1	2.972	-4.821
1	2.338	-4.332
1	-1.636	-4.34
1	-1.164	-2.873
1	-3.431	-4.923
1	4.719	-1.966
1	4.694	-1.872
1	1.693	-1.469
1	4.483	-0.572
1	-0.047	-3.383
1	4.365	-0.125
1	2.537	-4.515
1	-1.287	-3.158
1	4.773	-3.945
1	2.892	-3.697
1	4.497	-4.626
1	4.247	-0.546
1	-1.26	-4.801
1	3.759	-1.254
1	4.513	-1.929
1	1.328	-3.642
1	-0.36	-2.591
1	2.969	-4.16
1	-4.736	-4.811
1	4.472	-4.258
1	0.465	-2.391
1	3.331	-4.851
1	0.545	-4.349
1	-3.106	-4.335
1	3.995	-2.792
1	0.814	-2.884
1	3.765	-2.379
1	3.214	-4.301
1	1.587	-3.149
1	2.732	-4.369
1	3.905	-0.607
1	3.898	-4.932
1	0.575	-4.419
1	-4.196	-4.674
1	1.801	-3.572
1	4.223	-1.415
1	4.723	-3.699
1	1.159	-3.371
1	2.83	-3.914
1	3.622	-4.202
1	0.693	-3.496
1	2.546	-3.105
1	1.467	-1.493
1	4.099	-0.23
1	4.903	-3.856
1	-2.374	-3.272
1	0.772	-3.324
1	0.86	-2.153
1	1.074	-2.499
1	0.469	-2.894
1	-0.514	-2.701
1	-0.102	-3.778
1	1.175	-3.15
1	-3.854	-4.869
1	3.413	-3.741
1	3.287	-0.994
1	-1.589	-3.425
1	4.802	-2.501
1	2.578	-2.185
1	1.638	-2.177
1	2.948	-2.023
1	1.309	-1.796
1	4.53	-2.13
1	3.575	-1.952
1	0.085	-2.473
1	3.686	-2.942
1	4.397	-2.578
1	2.43	-2.737
1	1.289	-2.484
1	-4.149	-4.236
1	1.421	-2.937
1	3.961	-1.149
1	1.395	-3.299
1	1.806	-1.714
1	2.816	-0.763
1	0.549	-4.543
1	1.753	-4.661
1	4.355	-2.127
1	0.768	-4.75
1	-1.003	-3.615
1	2.773	-1.217
1	0.912	-2.059
1	2.956	-3.32
1	2.195	-3.867
1	4.264	-1.969
1	-4.232	-4.457
1	3.979	-1.321
1	2.618	-1.135
1	0.938	-4.822
1	0.077	-4.144
1	0.837	-3.623
1	0.242	-3.555
1	0.442	-3.521
1	-0.734	-4.938
1	-3.564	-3.706
1	-2.227	-4.628
1	3.418	-1.657
1	1.973	-1.811
1	3.527	-2.095
1	-4.511	-4.169
1	0.907	-3.697
1	1.151	-4.578
1	3.155	-2.161
1	4.135	-1.771
1	3.861	-1.381
1	3.135	-2.963
1	2.53	-1.422
1	1.819	-2.069
1	4.084	-3.334
1	0.393	-3.844
1	3.36	-3.231
1	2.006	-3.936
1	1.22	-2.42
1	2.147	-4.919
1	2.603	-2.331
1	4.49	-1.695
1	0.251	-3.63
1	1.704	-1.806
1	4.495	-2.279
1	-3.258	-3.872
1	1.596	-3.906
1	4.225	-2.809
1	-0.396	-3.609
1	4.953	-0.725
1	-3.937	-4.305
1	-2.011	-3.297
1	2.733	-3.138
1	3.427	-2.663
1	2.497	-3.11
1	0.271	-2.432
1	2.763	-4.912
1	0.522	-2.039
1	3.345	-1.189
1	-4.954	-4.874
1	2.416	-3.921
1	0.515	-4.658
1	-0.352	-3.976
1	4.701	-3.897
1	1.392	-1.53
1	1.942	-2.373
1	-4.655	-4.706
1	2.118	-2.077
1	0.515	-1.828
1	-1.613	-4.816
1	2.795	-1.262
1	3.681	-4.211
1	2.435	-4.746
1	-0.993	-4.436
1	0.601	-3.066
1	2.747	-2.117
1	-2.995	-3.866
1	0.368	-2.924
1	0.012	-2.731
1	2.324	-4.387
1	-0.714	-4.424
1	3.09	-1.294
1	4.22	-1.266
1	-4.31	-4.144
1	-2.068	-3.446
1	3.138	-3.076
1	-0.863	-2.501
1	4.762	-3.324
1	-0.992	-4.631
1	4.684	-4.252
1	-4.68	-4.745
1	4.958	-1.125
1	0.995	-3.405
1	0.036	-4.919
1	-3.311	-3.646
1	1.133	-1.778
1	4.219	-1.088
1	-2.331	-3.618
1	1.001	-4.744
1	3.119	-1.76
1	2.293	-1.422
1	1.344	-3.946
1	-1.355	-4.836
1	-0.452	-3.875
1	2.657	-3.341
1	-2.065	-4.647
1	4.065	-1.629
1	-0.601	-3.073
1	0.651	-4.8
1	2.462	-1.881
1	2.76	-4.666
1	3.499	-2.84
1	1.556	-4.294
1	2.203	-1.381
1	2.048	-2.146
1	1.41	-2.267
1	4.747	-3.455
1	4.426	-0.851
1	1.471	-3.785
1	4.699	-3.026
1	0.706	-2.539
1	0.509	-4.605
1	2.672	-3.713
1	-0.142	-4.702
1	4.119	-1.624
1	1.318	-4.297
1	-4.227	-4.304
1	2.274	-3.544
1	3.862	-1.131
1	1.319	-3.767
1	1.574	-3.116
1	-0.337	-3.915
1	3.397	-3.533
1	-2.863	-3.762
1	-2.123	-4.229
1	-2.344	-3.394
1	4.3	-0.655
1	-1.818	-4.122
1	4.542	-0.681
1	4.223	-4.029
1	4.997	-3.64
1	-2.791	-4.507
1	-0.246	-2.709
1	-1.743	-4.594
1	-2.012	-4.448
1	1.98	-4.044
1	4.718	-3.693
1	3.27	-1.598
1	0.941	-3.268
1	4.927	-0.178
1	3.718	-0.852
1	0.615	-4.179
1	-0.195	-2.136
1	4.356	-1.133
1	4.36	-3.676
1	0.077	-2.58
1	0.832	-1.863
1	0.233	-2.294
1	-2.336	-3.904
1	-2.729	-3.498
1	-2.174	-4.053
1	-1.445	-3.299
1	2.741	-1.374
1	-0.053	-3.648
1	-2.333	-3.437
1	-1.024	-4.621
1	-2.764	-3.846
1	-1.43	-4.588
1	-3.077	-3.468
1	4.236	-3.893
1	4.224	-3.688
1	-4.287	-4.312
1	2.409	-2.541
1	-1.387	-3.262
1	-1.415	-3.416
1	2.396	-1.916
1	-0.809	-2.527
1	1.909	-1.705
1	1.411	-4.196
1	-1.737	-3.59
1	4.5	-2.889
1	2.975	-1.364
1	2.097	-3.277
1	-3.94	-4.089
1	-1.591	-3.813
1	2.861	-1.578
1	1.143	-4.651
1	-3.459	-4.53
1	2.663	-1.888
1	-1.135	-3.059
1	4.48	-2.628
1	4.332	-0.258
1	4.858	-0.726
1	4.265	-2.263
1	3.765	-4.199
1	3.657	-4.971
1	4.38	-3.966
1	-0.005	-3.971
1	2.472	-4.297
1	-1.003	-2.832
1	-0.791	-4.294
1	3.453	-2.311
1	4.369	-1.673
1	-0.441	-4.355
1	-4.05	-4.675
1	3.984	-2.067
1	-0.002	-3.673
1	-0.862	-3.448
1	3.704	-1.877
1	-0.479	-2.778
1	4.282	-3.356
1	3.699	-1.184
1	4.666	-2.405
1	-1.208	-2.83
1	-0.893	-2.761
1	-4.818	-4.905
1	2.225	-1.583
1	4.99	-3.165
1	-0.092	-2.23
1	1.165	-4.506
1	1.47	-3.438
1	-0.187	-2.965
1	4.564	-2.242
1	4.012	-2.741
1	-4.615	-4.728
1	0.29	-3.584
1	1.564	-4.91
1	3.492	-0.48
1	3.952	-1.306
1	1.264	-4.883
1	-2.125	-3.907
1	0.067	-1.993
1	3.172	-4.577
1	4.636	-2.387
1	3.435	-3.545
1	0.3	-3.824
1	-0.093	-2.825
1	1.035	-2.757
1	3.394	-4.506
1	-0.383	-4.724
1	4.241	-3.634
1	-3.393	-4.243
1	-1.999	-3.969
1	-0.38	-3.862
1	0.911	-3.373
1	4.83	-3.17
1	3.291	-3.84
1	-2.473	-4.604
1	3.717	-1.033
1	4.071	-3.97
1	-2.553	-3.46
1	3.777	-1.028
1	3.719	-2.059
1	-2.151	-3.754
1	4.689	-4.238
1	-3.507	-3.997
